MMSI,BaseDateTime,LAT,LON,SOG,COG,Heading,VesselName,IMO,CallSign,VesselType
367702190,2020-01-01T00:00:23,31.38946,-91.46558,5.8,339.1,511.0,JEFFREY G STOVER,,WDI4806,31.0
367702190,2020-01-01T00:01:33,31.3912,-91.4663,5.8,343.0,511.0,JEFFREY G STOVER,,WDI4806,31.0
367702190,2020-01-01T00:02:43,31.39273,-91.46731,5.3,313.9,511.0,JEFFREY G STOVER,,WDI4806,31.0
367702190,2020-01-01T00:03:44,31.39365,-91.46864,5.2,307.4,511.0,JEFFREY G STOVER,,WDI4806,31.0
367702190,2020-01-01T00:04:54,31.39464,-91.47011,4.7,309.3,511.0,JEFFREY G STOVER,,WDI4806,31.0
367702190,2020-01-01T00:06:23,31.39584,-91.47159,3.9,317.1,511.0,JEFFREY G STOVER,,WDI4806,31.0
367702190,2020-01-01T00:07:43,31.39694,-91.47256,3.5,326.8,511.0,JEFFREY G STOVER,,WDI4806,31.0
367702190,2020-01-01T00:08:52,31.39786,-91.47324,3.3,325.2,511.0,JEFFREY G STOVER,,WDI4806,31.0
367702190,2020-01-01T00:10:03,31.39866,-91.47393,2.8,324.9,511.0,JEFFREY G STOVER,,WDI4806,31.0
367702190,2020-01-01T00:11:04,31.39937,-91.47428,2.7,347.9,511.0,JEFFREY G STOVER,,WDI4806,31.0
367702190,2020-01-01T00:12:14,31.40025,-91.47446,2.6,343.6,511.0,JEFFREY G STOVER,,WDI4806,31.0
367702190,2020-01-01T00:13:23,31.40095,-91.47494,2.5,325.5,511.0,JEFFREY G STOVER,,WDI4806,31.0
367702190,2020-01-01T00:14:42,31.40172,-91.47559,2.8,316.8,511.0,JEFFREY G STOVER,,WDI4806,31.0
367702190,2020-01-01T00:15:54,31.40239,-91.47639,2.9,313.3,511.0,JEFFREY G STOVER,,WDI4806,31.0
367702190,2020-01-01T00:17:13,31.40321,-91.47722,3.0,320.1,511.0,JEFFREY G STOVER,,WDI4806,31.0
367702190,2020-01-01T00:18:34,31.40394,-91.47821,3.1,300.3,511.0,JEFFREY G STOVER,,WDI4806,31.0
367702190,2020-01-01T00:19:43,31.40452,-91.47918,3.0,315.1,511.0,JEFFREY G STOVER,,WDI4806,31.0
367702190,2020-01-01T00:21:03,31.40541,-91.47992,3.0,329.1,511.0,JEFFREY G STOVER,,WDI4806,31.0
367702190,2020-01-01T00:22:13,31.4063,-91.48051,3.3,327.3,511.0,JEFFREY G STOVER,,WDI4806,31.0
367702190,2020-01-01T00:23:23,31.40719,-91.48126,3.2,312.7,511.0,JEFFREY G STOVER,,WDI4806,31.0
367702190,2020-01-01T00:24:43,31.40782,-91.48241,3.3,304.2,511.0,JEFFREY G STOVER,,WDI4806,31.0
367702190,2020-01-01T00:26:22,31.40857,-91.48395,3.4,292.3,511.0,JEFFREY G STOVER,,WDI4806,31.0
367702190,2020-01-01T00:28:22,31.40942,-91.48598,3.3,302.2,511.0,JEFFREY G STOVER,,WDI4806,31.0
367702190,2020-01-01T00:30:22,31.41062,-91.48762,3.5,311.9,511.0,JEFFREY G STOVER,,WDI4806,31.0
367702190,2020-01-01T00:31:43,31.41159,-91.48876,3.7,315.5,511.0,JEFFREY G STOVER,,WDI4806,31.0
367702190,2020-01-01T00:33:52,31.41303,-91.49074,3.7,311.7,511.0,JEFFREY G STOVER,,WDI4806,31.0
367702190,2020-01-01T00:35:03,31.41384,-91.49171,3.6,316.5,511.0,JEFFREY G STOVER,,WDI4806,31.0
367702190,2020-01-01T00:36:12,31.41475,-91.49259,3.6,319.4,511.0,JEFFREY G STOVER,,WDI4806,31.0
367702190,2020-01-01T00:38:23,31.41624,-91.49448,3.7,305.7,511.0,JEFFREY G STOVER,,WDI4806,31.0
367702190,2020-01-01T00:39:33,31.41697,-91.4956,3.7,311.6,511.0,JEFFREY G STOVER,,WDI4806,31.0
367702190,2020-01-01T00:40:43,31.41788,-91.49655,3.8,321.4,511.0,JEFFREY G STOVER,,WDI4806,31.0
367702190,2020-01-01T00:42:03,31.41892,-91.49761,3.7,315.5,511.0,JEFFREY G STOVER,,WDI4806,31.0
367702190,2020-01-01T00:43:14,31.41978,-91.49857,3.6,314.0,511.0,JEFFREY G STOVER,,WDI4806,31.0
367702190,2020-01-01T00:44:43,31.42078,-91.49978,3.4,317.8,511.0,JEFFREY G STOVER,,WDI4806,31.0
367702190,2020-01-01T00:45:52,31.42165,-91.50063,3.5,316.1,511.0,JEFFREY G STOVER,,WDI4806,31.0
367702190,2020-01-01T00:47:02,31.42245,-91.50156,3.5,316.6,511.0,JEFFREY G STOVER,,WDI4806,31.0
367702190,2020-01-01T00:48:03,31.42318,-91.50233,3.5,319.7,511.0,JEFFREY G STOVER,,WDI4806,31.0
367702190,2020-01-01T00:49:22,31.4242,-91.50329,3.5,320.1,511.0,JEFFREY G STOVER,,WDI4806,31.0
367702190,2020-01-01T00:51:02,31.42549,-91.50449,3.6,323.0,511.0,JEFFREY G STOVER,,WDI4806,31.0
367702190,2020-01-01T00:54:22,31.42833,-91.50658,3.6,332.7,511.0,JEFFREY G STOVER,,WDI4806,31.0
367702190,2020-01-01T00:57:23,31.43078,-91.5084,3.4,330.4,511.0,JEFFREY G STOVER,,WDI4806,31.0
367702190,2020-01-01T00:58:42,31.43191,-91.50899,3.4,335.7,511.0,JEFFREY G STOVER,,WDI4806,31.0
367702190,2020-01-01T00:59:43,31.43282,-91.50948,3.5,337.3,511.0,JEFFREY G STOVER,,WDI4806,31.0
367702190,2020-01-01T01:00:24,31.43344,-91.50978,3.6,337.3,511.0,JEFFREY G STOVER,,WDI4806,31.0
367702190,2020-01-01T01:01:53,31.43473,-91.51059,3.6,329.7,511.0,JEFFREY G STOVER,,WDI4806,31.0
367702190,2020-01-01T01:03:03,31.43576,-91.5112,3.7,337.2,511.0,JEFFREY G STOVER,,WDI4806,31.0
367702190,2020-01-01T01:04:13,31.43694,-91.51164,3.8,344.0,511.0,JEFFREY G STOVER,,WDI4806,31.0
367702190,2020-01-01T01:05:23,31.43812,-91.51215,3.8,334.0,511.0,JEFFREY G STOVER,,WDI4806,31.0
367702190,2020-01-01T01:06:44,31.43934,-91.51297,3.7,330.8,511.0,JEFFREY G STOVER,,WDI4806,31.0
367702190,2020-01-01T01:07:53,31.44042,-91.51342,3.7,348.3,511.0,JEFFREY G STOVER,,WDI4806,31.0
367702190,2020-01-01T01:09:02,31.44166,-91.51354,4.0,0.1,511.0,JEFFREY G STOVER,,WDI4806,31.0
367702190,2020-01-01T01:10:44,31.44358,-91.51374,4.2,346.6,511.0,JEFFREY G STOVER,,WDI4806,31.0
367702190,2020-01-01T01:11:54,31.44493,-91.5142,4.4,343.5,511.0,JEFFREY G STOVER,,WDI4806,31.0
367702190,2020-01-01T01:13:04,31.44634,-91.51462,4.6,347.8,511.0,JEFFREY G STOVER,,WDI4806,31.0
367702190,2020-01-01T01:14:13,31.44785,-91.51481,4.8,0.3,511.0,JEFFREY G STOVER,,WDI4806,31.0
367702190,2020-01-01T01:15:23,31.44945,-91.51468,5.2,6.2,511.0,JEFFREY G STOVER,,WDI4806,31.0
367702190,2020-01-01T01:16:35,31.45118,-91.51447,5.4,3.9,511.0,JEFFREY G STOVER,,WDI4806,31.0
367702190,2020-01-01T01:17:44,31.45295,-91.51445,5.5,357.4,511.0,JEFFREY G STOVER,,WDI4806,31.0
367702190,2020-01-01T01:18:45,31.4545,-91.51457,5.6,355.8,511.0,JEFFREY G STOVER,,WDI4806,31.0
367702190,2020-01-01T01:20:03,31.45658,-91.51474,5.7,355.5,511.0,JEFFREY G STOVER,,WDI4806,31.0
367702190,2020-01-01T01:21:05,31.45817,-91.51489,5.8,356.4,511.0,JEFFREY G STOVER,,WDI4806,31.0
367702190,2020-01-01T01:22:13,31.46009,-91.51487,5.9,3.2,511.0,JEFFREY G STOVER,,WDI4806,31.0
367702190,2020-01-01T01:23:23,31.46202,-91.51478,5.9,359.3,511.0,JEFFREY G STOVER,,WDI4806,31.0
367702190,2020-01-01T01:24:34,31.4639,-91.51499,5.8,350.5,511.0,JEFFREY G STOVER,,WDI4806,31.0
367702190,2020-01-01T01:26:43,31.46743,-91.51561,5.9,347.3,511.0,JEFFREY G STOVER,,WDI4806,31.0
367702190,2020-01-01T01:27:53,31.46927,-91.51619,5.9,348.0,511.0,JEFFREY G STOVER,,WDI4806,31.0
367702190,2020-01-01T01:30:22,31.47328,-91.51676,5.7,348.5,511.0,JEFFREY G STOVER,,WDI4806,31.0
367702190,2020-01-01T01:32:03,31.47581,-91.51732,5.3,354.4,511.0,JEFFREY G STOVER,,WDI4806,31.0
367702190,2020-01-01T01:34:02,31.4786,-91.51718,5.1,3.5,511.0,JEFFREY G STOVER,,WDI4806,31.0
367702190,2020-01-01T01:35:03,31.48,-91.51705,5.1,5.6,511.0,JEFFREY G STOVER,,WDI4806,31.0
367702190,2020-01-01T01:37:02,31.48289,-91.51664,5.3,7.3,511.0,JEFFREY G STOVER,,WDI4806,31.0
367702190,2020-01-01T01:39:43,31.48682,-91.51578,5.6,15.0,511.0,JEFFREY G STOVER,,WDI4806,31.0
367702190,2020-01-01T01:41:43,31.49,-91.51518,5.8,5.5,511.0,JEFFREY G STOVER,,WDI4806,31.0
367702190,2020-01-01T01:44:13,31.49303,-91.51519,3.1,343.2,511.0,JEFFREY G STOVER,,WDI4806,31.0
367702190,2020-01-01T01:46:13,31.49427,-91.51572,1.7,343.8,511.0,JEFFREY G STOVER,,WDI4806,31.0
367702190,2020-01-01T01:47:23,31.49481,-91.51575,2.2,3.2,511.0,JEFFREY G STOVER,,WDI4806,31.0
367702190,2020-01-01T01:48:45,31.49588,-91.51564,3.3,5.5,511.0,JEFFREY G STOVER,,WDI4806,31.0
367702190,2020-01-01T01:51:42,31.49902,-91.51513,4.0,4.7,511.0,JEFFREY G STOVER,,WDI4806,31.0
367702190,2020-01-01T01:53:42,31.50123,-91.51494,4.0,6.5,511.0,JEFFREY G STOVER,,WDI4806,31.0
367702190,2020-01-01T01:56:42,31.50449,-91.51452,3.8,12.2,511.0,JEFFREY G STOVER,,WDI4806,31.0
367702190,2020-01-01T01:59:14,31.50718,-91.51376,4.0,12.4,511.0,JEFFREY G STOVER,,WDI4806,31.0
367702190,2020-01-01T02:00:05,31.50809,-91.5135,4.1,12.7,511.0,JEFFREY G STOVER,,WDI4806,31.0
367702190,2020-01-01T02:01:25,31.50956,-91.51306,3.9,23.2,511.0,JEFFREY G STOVER,,WDI4806,31.0
367702190,2020-01-01T02:02:32,31.51066,-91.51238,4.0,26.8,511.0,JEFFREY G STOVER,,WDI4806,31.0
367702190,2020-01-01T02:03:36,31.51169,-91.51183,4.0,21.5,511.0,JEFFREY G STOVER,,WDI4806,31.0
367702190,2020-01-01T02:04:43,31.51293,-91.51136,4.2,17.4,511.0,JEFFREY G STOVER,,WDI4806,31.0
367702190,2020-01-01T02:05:53,31.51424,-91.51082,4.3,20.9,511.0,JEFFREY G STOVER,,WDI4806,31.0
367702190,2020-01-01T02:06:55,31.51534,-91.51027,4.3,28.3,511.0,JEFFREY G STOVER,,WDI4806,31.0
367702190,2020-01-01T02:08:03,31.51656,-91.50946,4.4,29.3,511.0,JEFFREY G STOVER,,WDI4806,31.0
367702190,2020-01-01T02:09:13,31.51771,-91.50852,4.4,36.6,511.0,JEFFREY G STOVER,,WDI4806,31.0
367702190,2020-01-01T02:10:22,31.51879,-91.5075,4.3,43.4,511.0,JEFFREY G STOVER,,WDI4806,31.0
367702190,2020-01-01T02:11:23,31.51954,-91.50638,4.3,55.7,511.0,JEFFREY G STOVER,,WDI4806,31.0
367702190,2020-01-01T02:12:32,31.5204,-91.50506,4.4,49.7,511.0,JEFFREY G STOVER,,WDI4806,31.0
367702190,2020-01-01T02:13:33,31.52112,-91.5039,4.4,59.0,511.0,JEFFREY G STOVER,,WDI4806,31.0
367702190,2020-01-01T02:15:02,31.52217,-91.50205,4.5,50.2,511.0,JEFFREY G STOVER,,WDI4806,31.0
367702190,2020-01-01T02:16:14,31.52319,-91.50073,4.6,52.0,511.0,JEFFREY G STOVER,,WDI4806,31.0
367702190,2020-01-01T02:17:15,31.52394,-91.49951,4.7,53.4,511.0,JEFFREY G STOVER,,WDI4806,31.0
367702190,2020-01-01T02:19:02,31.52514,-91.49709,4.7,61.4,511.0,JEFFREY G STOVER,,WDI4806,31.0
367702190,2020-01-01T02:20:03,31.52576,-91.49573,4.7,68.5,511.0,JEFFREY G STOVER,,WDI4806,31.0
367702190,2020-01-01T02:21:44,31.52654,-91.49327,4.8,70.8,511.0,JEFFREY G STOVER,,WDI4806,31.0
367702190,2020-01-01T02:23:03,31.52709,-91.49126,4.9,71.0,511.0,JEFFREY G STOVER,,WDI4806,31.0
367702190,2020-01-01T02:24:53,31.52805,-91.48863,4.8,63.4,511.0,JEFFREY G STOVER,,WDI4806,31.0
367702190,2020-01-01T02:26:05,31.5287,-91.48697,4.8,65.0,511.0,JEFFREY G STOVER,,WDI4806,31.0
367702190,2020-01-01T02:28:24,31.53004,-91.48371,4.8,66.3,511.0,JEFFREY G STOVER,,WDI4806,31.0
367702190,2020-01-01T02:29:25,31.53059,-91.48224,4.8,67.9,511.0,JEFFREY G STOVER,,WDI4806,31.0
367702190,2020-01-01T02:30:33,31.53112,-91.48054,4.8,70.3,511.0,JEFFREY G STOVER,,WDI4806,31.0
367702190,2020-01-01T02:31:45,31.53164,-91.47874,4.8,75.8,511.0,JEFFREY G STOVER,,WDI4806,31.0
367702190,2020-01-01T02:32:54,31.53203,-91.47698,4.7,69.6,511.0,JEFFREY G STOVER,,WDI4806,31.0
367702190,2020-01-01T02:33:55,31.53252,-91.47557,4.7,66.6,511.0,JEFFREY G STOVER,,WDI4806,31.0
367702190,2020-01-01T02:35:02,31.53315,-91.47397,4.7,65.5,511.0,JEFFREY G STOVER,,WDI4806,31.0
367702190,2020-01-01T02:36:13,31.53381,-91.47234,4.7,64.6,511.0,JEFFREY G STOVER,,WDI4806,31.0
367702190,2020-01-01T02:37:23,31.5344,-91.47071,4.7,70.5,511.0,JEFFREY G STOVER,,WDI4806,31.0
367702190,2020-01-01T02:38:35,31.53488,-91.469,4.7,68.6,511.0,JEFFREY G STOVER,,WDI4806,31.0
367702190,2020-01-01T02:39:43,31.53559,-91.46744,4.6,58.5,511.0,JEFFREY G STOVER,,WDI4806,31.0
367702190,2020-01-01T02:42:13,31.53715,-91.46411,4.7,66.1,511.0,JEFFREY G STOVER,,WDI4806,31.0
367702190,2020-01-01T02:44:13,31.53831,-91.46133,4.8,58.0,511.0,JEFFREY G STOVER,,WDI4806,31.0
367702190,2020-01-01T02:46:03,31.5395,-91.45883,4.8,66.1,511.0,JEFFREY G STOVER,,WDI4806,31.0
367702190,2020-01-01T02:47:05,31.54002,-91.45735,4.9,68.2,511.0,JEFFREY G STOVER,,WDI4806,31.0
367702190,2020-01-01T02:48:15,31.54062,-91.45561,4.9,67.8,511.0,JEFFREY G STOVER,,WDI4806,31.0
367702190,2020-01-01T02:49:24,31.54125,-91.45389,5.0,65.9,511.0,JEFFREY G STOVER,,WDI4806,31.0
367702190,2020-01-01T02:50:42,31.54203,-91.45196,5.0,65.2,511.0,JEFFREY G STOVER,,WDI4806,31.0
367702190,2020-01-01T02:51:53,31.5428,-91.45032,5.0,61.3,511.0,JEFFREY G STOVER,,WDI4806,31.0
367702190,2020-01-01T02:53:02,31.54346,-91.44858,5.0,68.3,511.0,JEFFREY G STOVER,,WDI4806,31.0
367702190,2020-01-01T02:54:03,31.54393,-91.44703,5.0,69.0,511.0,JEFFREY G STOVER,,WDI4806,31.0
367702190,2020-01-01T02:55:13,31.5446,-91.44529,4.8,62.7,511.0,JEFFREY G STOVER,,WDI4806,31.0
367702190,2020-01-01T02:56:24,31.54535,-91.4437,4.8,60.0,511.0,JEFFREY G STOVER,,WDI4806,31.0
367702190,2020-01-01T02:57:32,31.54611,-91.44214,4.8,61.7,511.0,JEFFREY G STOVER,,WDI4806,31.0
367702190,2020-01-01T02:58:44,31.54695,-91.44057,4.7,52.6,511.0,JEFFREY G STOVER,,WDI4806,31.0
367702190,2020-01-01T02:59:45,31.54774,-91.43935,4.7,53.5,511.0,JEFFREY G STOVER,,WDI4806,31.0
367702190,2020-01-01T03:00:05,31.54801,-91.43895,4.7,52.6,511.0,JEFFREY G STOVER,,WDI4806,31.0
367702190,2020-01-01T03:01:33,31.54935,-91.43725,4.8,44.8,511.0,JEFFREY G STOVER,,WDI4806,31.0
367702190,2020-01-01T03:02:36,31.55031,-91.43613,5.0,45.7,511.0,JEFFREY G STOVER,,WDI4806,31.0
367702190,2020-01-01T03:03:44,31.55139,-91.43468,5.1,52.9,511.0,JEFFREY G STOVER,,WDI4806,31.0
367702190,2020-01-01T03:04:45,31.55228,-91.43337,5.1,47.7,511.0,JEFFREY G STOVER,,WDI4806,31.0
367702190,2020-01-01T03:05:46,31.55329,-91.43221,5.1,44.2,511.0,JEFFREY G STOVER,,WDI4806,31.0
367702190,2020-01-01T03:06:52,31.55449,-91.43093,5.1,44.7,511.0,JEFFREY G STOVER,,WDI4806,31.0
367702190,2020-01-01T03:08:03,31.55552,-91.42937,5.1,55.9,511.0,JEFFREY G STOVER,,WDI4806,31.0
367702190,2020-01-01T03:09:05,31.55629,-91.42795,5.1,64.7,511.0,JEFFREY G STOVER,,WDI4806,31.0
367702190,2020-01-01T03:10:12,31.55684,-91.42615,5.1,70.5,511.0,JEFFREY G STOVER,,WDI4806,31.0
367702190,2020-01-01T03:11:22,31.55752,-91.4245,4.8,61.2,511.0,JEFFREY G STOVER,,WDI4806,31.0
367702190,2020-01-01T03:12:35,31.55826,-91.42288,4.7,61.0,511.0,JEFFREY G STOVER,,WDI4806,31.0
367702190,2020-01-01T03:13:42,31.55903,-91.42138,4.5,54.0,511.0,JEFFREY G STOVER,,WDI4806,31.0
367702190,2020-01-01T03:14:55,31.55993,-91.41998,4.5,48.4,511.0,JEFFREY G STOVER,,WDI4806,31.0
367702190,2020-01-01T03:16:06,31.56081,-91.41862,4.4,65.9,511.0,JEFFREY G STOVER,,WDI4806,31.0
367702190,2020-01-01T03:17:23,31.56127,-91.41674,4.7,78.8,511.0,JEFFREY G STOVER,,WDI4806,31.0
367702190,2020-01-01T03:18:44,31.56168,-91.41481,4.7,78.0,511.0,JEFFREY G STOVER,,WDI4806,31.0
367702190,2020-01-01T03:19:46,31.5619,-91.41331,4.6,77.6,511.0,JEFFREY G STOVER,,WDI4806,31.0
367702190,2020-01-01T03:21:22,31.56272,-91.41124,4.0,50.5,511.0,JEFFREY G STOVER,,WDI4806,31.0
367702190,2020-01-01T03:23:04,31.56412,-91.40967,4.3,38.7,511.0,JEFFREY G STOVER,,WDI4806,31.0
367702190,2020-01-01T03:24:05,31.56509,-91.40882,4.5,35.5,511.0,JEFFREY G STOVER,,WDI4806,31.0
367702190,2020-01-01T03:25:15,31.56633,-91.40781,4.8,34.9,511.0,JEFFREY G STOVER,,WDI4806,31.0
367702190,2020-01-01T03:26:43,31.56801,-91.40653,4.9,32.4,511.0,JEFFREY G STOVER,,WDI4806,31.0
367702190,2020-01-01T03:30:24,31.57232,-91.40365,4.8,14.4,511.0,JEFFREY G STOVER,,WDI4806,31.0
367702190,2020-01-01T03:32:24,31.5751,-91.40301,5.3,11.3,511.0,JEFFREY G STOVER,,WDI4806,31.0
367702190,2020-01-01T03:33:25,31.57654,-91.40264,5.4,11.9,511.0,JEFFREY G STOVER,,WDI4806,31.0
367702190,2020-01-01T03:34:33,31.5783,-91.40228,5.6,5.5,511.0,JEFFREY G STOVER,,WDI4806,31.0
367702190,2020-01-01T03:35:42,31.58014,-91.40211,5.7,3.6,511.0,JEFFREY G STOVER,,WDI4806,31.0
367702190,2020-01-01T03:36:56,31.58198,-91.40191,5.7,7.0,511.0,JEFFREY G STOVER,,WDI4806,31.0
367702190,2020-01-01T03:38:02,31.58381,-91.40193,5.6,356.7,511.0,JEFFREY G STOVER,,WDI4806,31.0
367702190,2020-01-01T03:39:03,31.58535,-91.40202,5.5,355.8,511.0,JEFFREY G STOVER,,WDI4806,31.0
367702190,2020-01-01T03:42:12,31.58991,-91.40203,5.0,4.7,511.0,JEFFREY G STOVER,,WDI4806,31.0
367702190,2020-01-01T03:44:03,31.59248,-91.40191,4.9,355.5,511.0,JEFFREY G STOVER,,WDI4806,31.0
367702190,2020-01-01T03:45:13,31.59399,-91.40214,4.7,355.5,511.0,JEFFREY G STOVER,,WDI4806,31.0
367702190,2020-01-01T03:46:23,31.5955,-91.40212,4.6,5.2,511.0,JEFFREY G STOVER,,WDI4806,31.0
367702190,2020-01-01T03:47:34,31.59699,-91.40192,4.5,6.1,511.0,JEFFREY G STOVER,,WDI4806,31.0
367702190,2020-01-01T03:50:33,31.60082,-91.40154,4.8,2.0,511.0,JEFFREY G STOVER,,WDI4806,31.0
367702190,2020-01-01T03:51:43,31.60238,-91.40154,5.0,359.8,511.0,JEFFREY G STOVER,,WDI4806,31.0
367702190,2020-01-01T03:55:02,31.60689,-91.40128,4.7,0.4,511.0,JEFFREY G STOVER,,WDI4806,31.0
367702190,2020-01-01T03:57:53,31.61042,-91.40138,4.1,8.4,511.0,JEFFREY G STOVER,,WDI4806,31.0
367702190,2020-01-01T03:59:02,31.61164,-91.40091,4.0,17.9,511.0,JEFFREY G STOVER,,WDI4806,31.0
367702190,2020-01-01T04:00:23,31.61312,-91.40045,4.1,12.7,511.0,JEFFREY G STOVER,,WDI4806,31.0
367702190,2020-01-01T04:01:33,31.61441,-91.40013,4.2,12.5,511.0,JEFFREY G STOVER,,WDI4806,31.0
367702190,2020-01-01T04:02:53,31.61594,-91.39959,4.4,17.5,511.0,JEFFREY G STOVER,,WDI4806,31.0
367702190,2020-01-01T04:04:13,31.61748,-91.39905,4.5,16.3,511.0,JEFFREY G STOVER,,WDI4806,31.0
367702190,2020-01-01T04:05:32,31.61907,-91.3985,4.5,16.6,511.0,JEFFREY G STOVER,,WDI4806,31.0
367702190,2020-01-01T04:06:53,31.62075,-91.39808,4.6,7.2,511.0,JEFFREY G STOVER,,WDI4806,31.0
367702190,2020-01-01T04:08:03,31.62226,-91.39787,4.7,7.6,511.0,JEFFREY G STOVER,,WDI4806,31.0
367702190,2020-01-01T04:09:12,31.62376,-91.3976,4.8,8.7,511.0,JEFFREY G STOVER,,WDI4806,31.0
367702190,2020-01-01T04:10:23,31.62528,-91.39737,4.8,7.9,511.0,JEFFREY G STOVER,,WDI4806,31.0
367702190,2020-01-01T04:12:43,31.62835,-91.39655,4.8,6.8,511.0,JEFFREY G STOVER,,WDI4806,31.0
367702190,2020-01-01T04:13:52,31.62988,-91.39635,4.9,9.7,511.0,JEFFREY G STOVER,,WDI4806,31.0
367702190,2020-01-01T04:15:33,31.63213,-91.39588,4.9,3.4,511.0,JEFFREY G STOVER,,WDI4806,31.0
367702190,2020-01-01T04:16:43,31.63375,-91.39584,5.0,1.3,511.0,JEFFREY G STOVER,,WDI4806,31.0
367702190,2020-01-01T04:17:44,31.63517,-91.39587,5.1,357.6,511.0,JEFFREY G STOVER,,WDI4806,31.0
367702190,2020-01-01T04:19:04,31.63703,-91.39593,5.2,0.9,511.0,JEFFREY G STOVER,,WDI4806,31.0
367702190,2020-01-01T04:20:53,31.63967,-91.396,5.3,358.2,511.0,JEFFREY G STOVER,,WDI4806,31.0
367702190,2020-01-01T04:22:02,31.64138,-91.3959,5.4,5.4,511.0,JEFFREY G STOVER,,WDI4806,31.0
367702190,2020-01-01T04:23:34,31.6437,-91.39577,5.6,3.6,511.0,JEFFREY G STOVER,,WDI4806,31.0
367702190,2020-01-01T04:25:02,31.64604,-91.3955,5.8,6.4,511.0,JEFFREY G STOVER,,WDI4806,31.0
367702190,2020-01-01T04:26:13,31.64792,-91.39546,5.8,355.8,511.0,JEFFREY G STOVER,,WDI4806,31.0
367702190,2020-01-01T04:28:02,31.65094,-91.39575,6.0,356.1,511.0,JEFFREY G STOVER,,WDI4806,31.0
367702190,2020-01-01T04:29:14,31.65292,-91.39606,6.1,349.3,511.0,JEFFREY G STOVER,,WDI4806,31.0
367702190,2020-01-01T04:30:23,31.65483,-91.39653,6.2,347.2,511.0,JEFFREY G STOVER,,WDI4806,31.0
367702190,2020-01-01T04:31:33,31.6568,-91.39703,6.2,348.7,511.0,JEFFREY G STOVER,,WDI4806,31.0
367702190,2020-01-01T04:34:03,31.66101,-91.39761,5.9,355.1,511.0,JEFFREY G STOVER,,WDI4806,31.0
367702190,2020-01-01T04:35:32,31.66344,-91.3978,5.7,356.1,511.0,JEFFREY G STOVER,,WDI4806,31.0
367702190,2020-01-01T04:38:03,31.6672,-91.39822,5.2,0.8,511.0,JEFFREY G STOVER,,WDI4806,31.0
367702190,2020-01-01T04:39:43,31.66954,-91.39818,5.2,5.0,511.0,JEFFREY G STOVER,,WDI4806,31.0
367702190,2020-01-01T04:43:04,31.67433,-91.39831,5.0,356.1,511.0,JEFFREY G STOVER,,WDI4806,31.0
367702190,2020-01-01T04:44:43,31.67663,-91.3984,5.0,354.1,511.0,JEFFREY G STOVER,,WDI4806,31.0
367702190,2020-01-01T04:46:43,31.6794,-91.39877,5.0,356.3,511.0,JEFFREY G STOVER,,WDI4806,31.0
367702190,2020-01-01T04:47:52,31.68099,-91.39903,4.8,352.0,511.0,JEFFREY G STOVER,,WDI4806,31.0
367702190,2020-01-01T04:49:23,31.68297,-91.39928,4.7,355.0,511.0,JEFFREY G STOVER,,WDI4806,31.0
367702190,2020-01-01T04:50:42,31.68464,-91.39939,4.6,357.3,511.0,JEFFREY G STOVER,,WDI4806,31.0
367702190,2020-01-01T04:52:52,31.6874,-91.39955,4.6,356.5,511.0,JEFFREY G STOVER,,WDI4806,31.0
367702190,2020-01-01T04:53:53,31.68867,-91.39967,4.5,353.0,511.0,JEFFREY G STOVER,,WDI4806,31.0
367702190,2020-01-01T04:55:23,31.69049,-91.3999,4.4,356.8,511.0,JEFFREY G STOVER,,WDI4806,31.0
367702190,2020-01-01T04:57:53,31.69349,-91.39961,4.3,8.6,511.0,JEFFREY G STOVER,,WDI4806,31.0
367702190,2020-01-01T04:59:04,31.69489,-91.39935,4.3,7.6,511.0,JEFFREY G STOVER,,WDI4806,31.0
367702190,2020-01-01T05:00:52,31.69702,-91.39907,4.2,4.3,511.0,JEFFREY G STOVER,,WDI4806,31.0
367702190,2020-01-01T05:02:04,31.69845,-91.39898,4.3,2.3,511.0,JEFFREY G STOVER,,WDI4806,31.0
367702190,2020-01-01T05:03:13,31.69985,-91.39894,4.4,357.4,511.0,JEFFREY G STOVER,,WDI4806,31.0
367702190,2020-01-01T05:04:24,31.7013,-91.39916,4.5,350.3,511.0,JEFFREY G STOVER,,WDI4806,31.0
367702190,2020-01-01T05:05:25,31.70253,-91.39937,4.5,353.0,511.0,JEFFREY G STOVER,,WDI4806,31.0
367702190,2020-01-01T05:06:46,31.70414,-91.3993,4.4,9.8,511.0,JEFFREY G STOVER,,WDI4806,31.0
367702190,2020-01-01T05:07:52,31.70559,-91.39894,4.7,12.4,511.0,JEFFREY G STOVER,,WDI4806,31.0
367702190,2020-01-01T05:09:04,31.70713,-91.39857,4.9,8.0,511.0,JEFFREY G STOVER,,WDI4806,31.0
367702190,2020-01-01T05:10:22,31.70896,-91.39826,5.1,10.8,511.0,JEFFREY G STOVER,,WDI4806,31.0
367702190,2020-01-01T05:11:33,31.7105,-91.39762,5.1,25.2,511.0,JEFFREY G STOVER,,WDI4806,31.0
367702190,2020-01-01T05:12:43,31.71201,-91.39671,5.2,27.7,511.0,JEFFREY G STOVER,,WDI4806,31.0
367702190,2020-01-01T05:13:45,31.71332,-91.39591,5.4,28.5,511.0,JEFFREY G STOVER,,WDI4806,31.0
367702190,2020-01-01T05:15:12,31.71525,-91.39463,5.4,25.9,511.0,JEFFREY G STOVER,,WDI4806,31.0
367702190,2020-01-01T05:16:32,31.71707,-91.39354,5.4,31.3,511.0,JEFFREY G STOVER,,WDI4806,31.0
367702190,2020-01-01T05:17:43,31.71848,-91.39234,5.4,40.0,511.0,JEFFREY G STOVER,,WDI4806,31.0
367702190,2020-01-01T05:19:43,31.72076,-91.38999,5.4,40.6,511.0,JEFFREY G STOVER,,WDI4806,31.0
367702190,2020-01-01T05:22:13,31.72372,-91.38727,5.3,37.5,511.0,JEFFREY G STOVER,,WDI4806,31.0
367702190,2020-01-01T05:23:32,31.72523,-91.38589,5.3,37.7,511.0,JEFFREY G STOVER,,WDI4806,31.0
367702190,2020-01-01T05:25:23,31.72738,-91.38405,5.1,33.5,511.0,JEFFREY G STOVER,,WDI4806,31.0
367702190,2020-01-01T05:27:02,31.72935,-91.38258,5.1,30.9,511.0,JEFFREY G STOVER,,WDI4806,31.0
367702190,2020-01-01T05:30:02,31.73284,-91.3799,5.0,38.0,511.0,JEFFREY G STOVER,,WDI4806,31.0
367702190,2020-01-01T05:31:13,31.73411,-91.37869,4.9,40.0,511.0,JEFFREY G STOVER,,WDI4806,31.0
367702190,2020-01-01T05:32:24,31.73536,-91.37756,4.7,33.7,511.0,JEFFREY G STOVER,,WDI4806,31.0
367702190,2020-01-01T05:34:53,31.73816,-91.37576,4.7,27.4,511.0,JEFFREY G STOVER,,WDI4806,31.0
367702190,2020-01-01T05:36:03,31.73955,-91.37499,4.8,18.8,511.0,JEFFREY G STOVER,,WDI4806,31.0
367702190,2020-01-01T05:38:03,31.74205,-91.37376,5.1,23.5,511.0,JEFFREY G STOVER,,WDI4806,31.0
367702190,2020-01-01T05:40:13,31.74486,-91.37218,5.2,35.4,511.0,JEFFREY G STOVER,,WDI4806,31.0
367702190,2020-01-01T05:41:52,31.74673,-91.37049,5.1,37.1,511.0,JEFFREY G STOVER,,WDI4806,31.0
367702190,2020-01-01T05:43:03,31.74808,-91.36938,4.7,31.2,511.0,JEFFREY G STOVER,,WDI4806,31.0
367702190,2020-01-01T05:44:13,31.74937,-91.36855,4.4,24.6,511.0,JEFFREY G STOVER,,WDI4806,31.0
367702190,2020-01-01T05:45:23,31.75065,-91.368,4.1,10.1,511.0,JEFFREY G STOVER,,WDI4806,31.0
367702190,2020-01-01T05:47:53,31.75349,-91.36755,4.2,22.0,511.0,JEFFREY G STOVER,,WDI4806,31.0
367702190,2020-01-01T05:49:13,31.75493,-91.36684,4.2,25.9,511.0,JEFFREY G STOVER,,WDI4806,31.0
367702190,2020-01-01T05:50:24,31.75609,-91.36596,4.1,36.8,511.0,JEFFREY G STOVER,,WDI4806,31.0
367702190,2020-01-01T05:53:13,31.75857,-91.36435,3.3,18.9,511.0,JEFFREY G STOVER,,WDI4806,31.0
367702190,2020-01-01T05:56:13,31.7612,-91.36342,3.3,18.0,511.0,JEFFREY G STOVER,,WDI4806,31.0
367702190,2020-01-01T05:58:12,31.76275,-91.36214,3.5,43.5,511.0,JEFFREY G STOVER,,WDI4806,31.0
367702190,2020-01-01T05:59:43,31.76391,-91.3611,3.6,35.3,511.0,JEFFREY G STOVER,,WDI4806,31.0
367702190,2020-01-01T06:00:12,31.76432,-91.36075,3.7,34.8,511.0,JEFFREY G STOVER,,WDI4806,31.0
367702190,2020-01-01T06:01:22,31.76532,-91.35984,4.2,43.5,511.0,JEFFREY G STOVER,,WDI4806,31.0
367702190,2020-01-01T06:02:33,31.76644,-91.35895,4.1,28.1,511.0,JEFFREY G STOVER,,WDI4806,31.0
367702190,2020-01-01T06:03:43,31.76767,-91.35815,4.2,22.8,511.0,JEFFREY G STOVER,,WDI4806,31.0
367702190,2020-01-01T06:04:53,31.76899,-91.35774,4.4,14.6,511.0,JEFFREY G STOVER,,WDI4806,31.0
367702190,2020-01-01T06:06:04,31.77037,-91.35716,4.6,20.3,511.0,JEFFREY G STOVER,,WDI4806,31.0
367702190,2020-01-01T06:07:13,31.77182,-91.35668,4.7,13.3,511.0,JEFFREY G STOVER,,WDI4806,31.0
367702190,2020-01-01T06:08:33,31.77354,-91.35634,4.9,12.7,511.0,JEFFREY G STOVER,,WDI4806,31.0
367702190,2020-01-01T06:10:04,31.77564,-91.35608,5.0,1.5,511.0,JEFFREY G STOVER,,WDI4806,31.0
367702190,2020-01-01T06:11:33,31.77776,-91.35612,5.2,1.4,511.0,JEFFREY G STOVER,,WDI4806,31.0
367702190,2020-01-01T06:13:04,31.77989,-91.35612,5.3,359.7,511.0,JEFFREY G STOVER,,WDI4806,31.0
367702190,2020-01-01T06:14:14,31.78162,-91.35616,5.2,0.6,511.0,JEFFREY G STOVER,,WDI4806,31.0
367702190,2020-01-01T06:15:33,31.78355,-91.35609,5.3,2.6,511.0,JEFFREY G STOVER,,WDI4806,31.0
367702190,2020-01-01T06:17:03,31.78579,-91.356,5.4,358.3,511.0,JEFFREY G STOVER,,WDI4806,31.0
367702190,2020-01-01T06:18:13,31.78761,-91.35595,5.5,2.9,511.0,JEFFREY G STOVER,,WDI4806,31.0
367702190,2020-01-01T06:19:53,31.79021,-91.35575,5.7,1.6,511.0,JEFFREY G STOVER,,WDI4806,31.0
367702190,2020-01-01T06:21:23,31.79264,-91.35568,5.9,0.9,511.0,JEFFREY G STOVER,,WDI4806,31.0
367702190,2020-01-01T06:22:53,31.79509,-91.35552,6.0,3.6,511.0,JEFFREY G STOVER,,WDI4806,31.0
367702190,2020-01-01T06:25:23,31.79931,-91.35513,6.1,2.6,511.0,JEFFREY G STOVER,,WDI4806,31.0
367702190,2020-01-01T06:26:34,31.80129,-91.35491,6.0,6.3,511.0,JEFFREY G STOVER,,WDI4806,31.0
367702190,2020-01-01T06:27:44,31.80323,-91.35467,6.1,5.0,511.0,JEFFREY G STOVER,,WDI4806,31.0
367702190,2020-01-01T06:28:53,31.80517,-91.35442,6.1,4.6,511.0,JEFFREY G STOVER,,WDI4806,31.0
367702190,2020-01-01T06:30:03,31.80712,-91.35431,5.9,3.7,511.0,JEFFREY G STOVER,,WDI4806,31.0
367702190,2020-01-01T06:32:02,31.81025,-91.3538,5.8,10.8,511.0,JEFFREY G STOVER,,WDI4806,31.0
367702190,2020-01-01T06:33:23,31.8124,-91.35341,5.6,5.0,511.0,JEFFREY G STOVER,,WDI4806,31.0
367702190,2020-01-01T06:34:53,31.81467,-91.3532,5.3,5.7,511.0,JEFFREY G STOVER,,WDI4806,31.0
367702190,2020-01-01T06:36:14,31.81661,-91.35283,5.2,13.3,511.0,JEFFREY G STOVER,,WDI4806,31.0
367702190,2020-01-01T06:37:22,31.81819,-91.35234,5.1,15.1,511.0,JEFFREY G STOVER,,WDI4806,31.0
367702190,2020-01-01T06:40:14,31.82189,-91.35045,5.1,17.1,511.0,JEFFREY G STOVER,,WDI4806,31.0
367702190,2020-01-01T06:41:32,31.8237,-91.34995,5.0,9.9,511.0,JEFFREY G STOVER,,WDI4806,31.0
367702190,2020-01-01T06:42:42,31.82523,-91.34947,4.8,20.4,511.0,JEFFREY G STOVER,,WDI4806,31.0
367702190,2020-01-01T06:44:42,31.82788,-91.34875,4.8,0.4,511.0,JEFFREY G STOVER,,WDI4806,31.0
367702190,2020-01-01T06:50:23,31.83438,-91.34812,3.9,15.5,511.0,JEFFREY G STOVER,,WDI4806,31.0
367702190,2020-01-01T06:51:43,31.83576,-91.34766,3.9,16.4,511.0,JEFFREY G STOVER,,WDI4806,31.0
367702190,2020-01-01T06:55:23,31.83955,-91.34691,3.7,11.5,511.0,JEFFREY G STOVER,,WDI4806,31.0
367702190,2020-01-01T06:57:23,31.84161,-91.34652,3.7,12.9,511.0,JEFFREY G STOVER,,WDI4806,31.0
367702190,2020-01-01T06:58:44,31.84296,-91.34619,3.8,7.9,511.0,JEFFREY G STOVER,,WDI4806,31.0
367702190,2020-01-01T07:01:34,31.84562,-91.34531,3.5,21.4,511.0,JEFFREY G STOVER,,WDI4806,31.0
367702190,2020-01-01T07:02:44,31.84667,-91.3448,3.5,32.2,511.0,JEFFREY G STOVER,,WDI4806,31.0
367702190,2020-01-01T07:03:53,31.84764,-91.34413,3.7,30.4,511.0,JEFFREY G STOVER,,WDI4806,31.0
367702190,2020-01-01T07:05:23,31.84893,-91.34304,3.9,35.9,511.0,JEFFREY G STOVER,,WDI4806,31.0
367702190,2020-01-01T07:06:33,31.84996,-91.34214,4.0,36.2,511.0,JEFFREY G STOVER,,WDI4806,31.0
367702190,2020-01-01T07:08:04,31.85144,-91.34113,4.3,21.3,511.0,JEFFREY G STOVER,,WDI4806,31.0
367702190,2020-01-01T07:09:23,31.85277,-91.34025,4.3,30.1,511.0,JEFFREY G STOVER,,WDI4806,31.0
367702190,2020-01-01T07:10:33,31.85395,-91.33931,4.3,41.6,511.0,JEFFREY G STOVER,,WDI4806,31.0
367702190,2020-01-01T07:11:53,31.85518,-91.33808,4.1,51.4,511.0,JEFFREY G STOVER,,WDI4806,31.0
367702190,2020-01-01T07:13:33,31.85593,-91.33601,4.3,73.0,511.0,JEFFREY G STOVER,,WDI4806,31.0
367702190,2020-01-01T07:14:34,31.85629,-91.33462,4.5,71.2,511.0,JEFFREY G STOVER,,WDI4806,31.0
367702190,2020-01-01T07:15:42,31.85682,-91.33307,4.5,64.2,511.0,JEFFREY G STOVER,,WDI4806,31.0
367702190,2020-01-01T07:16:53,31.85742,-91.33148,4.4,70.7,511.0,JEFFREY G STOVER,,WDI4806,31.0
367702190,2020-01-01T07:18:13,31.85788,-91.32962,4.4,77.6,511.0,JEFFREY G STOVER,,WDI4806,31.0
367702190,2020-01-01T07:19:34,31.85807,-91.32767,4.5,85.7,511.0,JEFFREY G STOVER,,WDI4806,31.0
367702190,2020-01-01T07:21:02,31.85818,-91.32548,4.5,86.7,511.0,JEFFREY G STOVER,,WDI4806,31.0
367702190,2020-01-01T07:22:13,31.8584,-91.32378,4.5,79.4,511.0,JEFFREY G STOVER,,WDI4806,31.0
367702190,2020-01-01T07:23:22,31.85852,-91.32205,4.6,87.7,511.0,JEFFREY G STOVER,,WDI4806,31.0
367702190,2020-01-01T07:24:53,31.85864,-91.31978,4.7,86.9,511.0,JEFFREY G STOVER,,WDI4806,31.0
367702190,2020-01-01T07:26:42,31.85866,-91.31688,4.9,91.0,511.0,JEFFREY G STOVER,,WDI4806,31.0
367702190,2020-01-01T07:28:42,31.85844,-91.31368,4.9,100.5,511.0,JEFFREY G STOVER,,WDI4806,31.0
367702190,2020-01-01T07:30:03,31.85787,-91.31168,4.8,113.0,511.0,JEFFREY G STOVER,,WDI4806,31.0
367702190,2020-01-01T07:31:24,31.85729,-91.30978,4.5,105.1,511.0,JEFFREY G STOVER,,WDI4806,31.0
367702190,2020-01-01T07:33:03,31.85677,-91.30745,4.3,99.5,511.0,JEFFREY G STOVER,,WDI4806,31.0
367702190,2020-01-01T07:34:45,31.85657,-91.30516,4.2,96.8,511.0,JEFFREY G STOVER,,WDI4806,31.0
367702190,2020-01-01T07:50:53,31.85721,-91.28439,4.0,96.3,511.0,JEFFREY G STOVER,,WDI4806,31.0
367702190,2020-01-01T07:52:13,31.85719,-91.28274,3.9,81.7,511.0,JEFFREY G STOVER,,WDI4806,31.0
367702190,2020-01-01T07:57:25,31.85735,-91.27613,3.9,97.8,511.0,JEFFREY G STOVER,,WDI4806,31.0
367702190,2020-01-01T07:59:53,31.85721,-91.27299,3.9,101.2,511.0,JEFFREY G STOVER,,WDI4806,31.0
367702190,2020-01-01T08:00:13,31.85714,-91.27255,3.9,100.6,511.0,JEFFREY G STOVER,,WDI4806,31.0
367702190,2020-01-01T08:02:03,31.85729,-91.27043,3.5,72.0,511.0,JEFFREY G STOVER,,WDI4806,31.0
367702190,2020-01-01T08:04:42,31.85823,-91.26745,3.8,66.3,511.0,JEFFREY G STOVER,,WDI4806,31.0
367702190,2020-01-01T08:09:33,31.85998,-91.26158,3.9,65.8,511.0,JEFFREY G STOVER,,WDI4806,31.0
367702190,2020-01-01T08:12:14,31.86112,-91.25839,4.0,61.4,511.0,JEFFREY G STOVER,,WDI4806,31.0
367702190,2020-01-01T08:16:02,31.86293,-91.25383,4.1,68.9,511.0,JEFFREY G STOVER,,WDI4806,31.0
367702190,2020-01-01T08:18:02,31.86412,-91.25161,4.1,57.0,511.0,JEFFREY G STOVER,,WDI4806,31.0
367702190,2020-01-01T08:23:03,31.8674,-91.24593,4.3,54.8,511.0,JEFFREY G STOVER,,WDI4806,31.0
367702190,2020-01-01T08:24:23,31.86838,-91.24432,4.4,54.0,511.0,JEFFREY G STOVER,,WDI4806,31.0
367702190,2020-01-01T08:30:54,31.87355,-91.23672,4.8,50.9,511.0,JEFFREY G STOVER,,WDI4806,31.0
367702190,2020-01-01T08:32:04,31.87455,-91.23526,4.9,52.3,511.0,JEFFREY G STOVER,,WDI4806,31.0
367702190,2020-01-01T08:34:23,31.87648,-91.23234,4.9,50.2,511.0,JEFFREY G STOVER,,WDI4806,31.0
367702190,2020-01-01T08:35:34,31.87738,-91.23078,4.9,57.1,511.0,JEFFREY G STOVER,,WDI4806,31.0
367702190,2020-01-01T08:37:04,31.87868,-91.22887,5.0,52.7,511.0,JEFFREY G STOVER,,WDI4806,31.0
367702190,2020-01-01T08:38:13,31.8796,-91.2273,5.0,57.8,511.0,JEFFREY G STOVER,,WDI4806,31.0
367702190,2020-01-01T08:39:43,31.88075,-91.22531,4.9,56.5,511.0,JEFFREY G STOVER,,WDI4806,31.0
367702190,2020-01-01T08:41:24,31.88219,-91.2233,4.7,54.0,511.0,JEFFREY G STOVER,,WDI4806,31.0
367702190,2020-01-01T08:42:33,31.88311,-91.22185,4.7,49.0,511.0,JEFFREY G STOVER,,WDI4806,31.0
367702190,2020-01-01T08:45:03,31.8851,-91.21883,4.6,45.6,511.0,JEFFREY G STOVER,,WDI4806,31.0
367702190,2020-01-01T08:46:23,31.88621,-91.21733,4.6,53.6,511.0,JEFFREY G STOVER,,WDI4806,31.0
367702190,2020-01-01T08:49:43,31.88774,-91.21278,4.4,75.8,511.0,JEFFREY G STOVER,,WDI4806,31.0
367702190,2020-01-01T08:51:13,31.88834,-91.21092,3.8,62.5,511.0,JEFFREY G STOVER,,WDI4806,31.0
367702190,2020-01-01T08:52:32,31.88911,-91.20959,3.7,55.8,511.0,JEFFREY G STOVER,,WDI4806,31.0
367702190,2020-01-01T08:54:02,31.88972,-91.2078,3.9,64.8,511.0,JEFFREY G STOVER,,WDI4806,31.0
367702190,2020-01-01T08:56:02,31.89109,-91.20596,3.9,45.5,511.0,JEFFREY G STOVER,,WDI4806,31.0
367702190,2020-01-01T09:00:12,31.89514,-91.20248,4.6,32.8,511.0,JEFFREY G STOVER,,WDI4806,31.0
367702190,2020-01-01T09:01:13,31.89629,-91.20181,4.7,21.3,511.0,JEFFREY G STOVER,,WDI4806,31.0
367702190,2020-01-01T09:03:13,31.89871,-91.20048,4.8,30.5,511.0,JEFFREY G STOVER,,WDI4806,31.0
367702190,2020-01-01T09:04:23,31.90012,-91.19961,4.9,26.8,511.0,JEFFREY G STOVER,,WDI4806,31.0
367702190,2020-01-01T09:05:32,31.90143,-91.19886,4.1,25.0,511.0,JEFFREY G STOVER,,WDI4806,31.0
367702190,2020-01-01T09:06:43,31.90251,-91.19809,3.5,34.7,511.0,JEFFREY G STOVER,,WDI4806,31.0
367702190,2020-01-01T09:08:02,31.90355,-91.19742,3.1,24.9,511.0,JEFFREY G STOVER,,WDI4806,31.0
367702190,2020-01-01T09:09:32,31.90471,-91.19682,3.0,22.2,511.0,JEFFREY G STOVER,,WDI4806,31.0
367702190,2020-01-01T09:10:43,31.90562,-91.19637,2.9,25.6,511.0,JEFFREY G STOVER,,WDI4806,31.0
367702190,2020-01-01T09:12:22,31.90684,-91.19561,3.0,27.5,511.0,JEFFREY G STOVER,,WDI4806,31.0
367702190,2020-01-01T09:13:43,31.90784,-91.1951,2.8,15.2,511.0,JEFFREY G STOVER,,WDI4806,31.0
367702190,2020-01-01T09:15:02,31.90889,-91.19495,2.9,4.2,511.0,JEFFREY G STOVER,,WDI4806,31.0
367702190,2020-01-01T09:16:14,31.90989,-91.19475,3.0,16.5,511.0,JEFFREY G STOVER,,WDI4806,31.0
367702190,2020-01-01T09:17:22,31.91077,-91.1943,3.1,29.7,511.0,JEFFREY G STOVER,,WDI4806,31.0
367702190,2020-01-01T09:18:24,31.91154,-91.19384,3.0,19.9,511.0,JEFFREY G STOVER,,WDI4806,31.0
367702190,2020-01-01T09:19:33,31.91248,-91.19354,3.1,10.6,511.0,JEFFREY G STOVER,,WDI4806,31.0
367702190,2020-01-01T09:20:34,31.91334,-91.19337,3.1,10.0,511.0,JEFFREY G STOVER,,WDI4806,31.0
367702190,2020-01-01T09:21:44,31.91435,-91.19313,3.2,12.3,511.0,JEFFREY G STOVER,,WDI4806,31.0
367702190,2020-01-01T09:22:52,31.91536,-91.19285,3.3,15.0,511.0,JEFFREY G STOVER,,WDI4806,31.0
367702190,2020-01-01T09:23:53,31.91618,-91.19237,3.2,26.2,511.0,JEFFREY G STOVER,,WDI4806,31.0
367702190,2020-01-01T09:24:54,31.91693,-91.19204,2.5,13.8,511.0,JEFFREY G STOVER,,WDI4806,31.0
367702190,2020-01-01T09:26:03,31.91767,-91.19186,2.1,11.1,511.0,JEFFREY G STOVER,,WDI4806,31.0
367702190,2020-01-01T09:27:44,31.91855,-91.19165,1.8,12.3,511.0,JEFFREY G STOVER,,WDI4806,31.0
367702190,2020-01-01T09:29:03,31.91917,-91.19146,1.6,14.3,511.0,JEFFREY G STOVER,,WDI4806,31.0
367702190,2020-01-01T09:30:04,31.9196,-91.19137,1.5,6.7,511.0,JEFFREY G STOVER,,WDI4806,31.0
367702190,2020-01-01T09:31:13,31.9201,-91.19133,1.4,1.5,511.0,JEFFREY G STOVER,,WDI4806,31.0
367702190,2020-01-01T09:33:32,31.921,-91.19138,1.4,354.0,511.0,JEFFREY G STOVER,,WDI4806,31.0
367702190,2020-01-01T09:35:03,31.92155,-91.19139,1.3,6.6,511.0,JEFFREY G STOVER,,WDI4806,31.0
367702190,2020-01-01T09:38:03,31.92256,-91.19133,1.2,340.9,511.0,JEFFREY G STOVER,,WDI4806,31.0
367702190,2020-01-01T09:39:33,31.92304,-91.1915,1.2,350.0,511.0,JEFFREY G STOVER,,WDI4806,31.0
367702190,2020-01-01T09:41:23,31.92364,-91.19154,1.2,0.3,511.0,JEFFREY G STOVER,,WDI4806,31.0
367702190,2020-01-01T09:47:44,31.92581,-91.19139,1.3,354.6,511.0,JEFFREY G STOVER,,WDI4806,31.0
367702190,2020-01-01T09:51:03,31.92696,-91.19146,1.2,359.1,511.0,JEFFREY G STOVER,,WDI4806,31.0
367702190,2020-01-01T09:53:44,31.92786,-91.19155,1.2,352.9,511.0,JEFFREY G STOVER,,WDI4806,31.0
367702190,2020-01-01T09:54:52,31.92826,-91.1916,1.2,354.7,511.0,JEFFREY G STOVER,,WDI4806,31.0
367702190,2020-01-01T09:56:04,31.92866,-91.19163,1.2,13.6,511.0,JEFFREY G STOVER,,WDI4806,31.0
367702190,2020-01-01T10:00:42,31.93101,-91.19164,4.0,2.3,511.0,JEFFREY G STOVER,,WDI4806,31.0
367702190,2020-01-01T10:02:04,31.93277,-91.19147,5.2,3.1,511.0,JEFFREY G STOVER,,WDI4806,31.0
367702190,2020-01-01T10:03:13,31.93449,-91.19132,5.6,5.5,511.0,JEFFREY G STOVER,,WDI4806,31.0
367702190,2020-01-01T10:04:23,31.93639,-91.19115,5.9,5.8,511.0,JEFFREY G STOVER,,WDI4806,31.0
367702190,2020-01-01T10:05:43,31.93857,-91.19093,6.0,6.3,511.0,JEFFREY G STOVER,,WDI4806,31.0
367702190,2020-01-01T10:07:03,31.94073,-91.1906,5.9,5.7,511.0,JEFFREY G STOVER,,WDI4806,31.0
367702190,2020-01-01T10:08:34,31.94312,-91.19012,5.6,10.0,511.0,JEFFREY G STOVER,,WDI4806,31.0
367702190,2020-01-01T10:10:23,31.94586,-91.18958,5.4,8.9,511.0,JEFFREY G STOVER,,WDI4806,31.0
367702190,2020-01-01T10:11:44,31.94784,-91.18918,5.3,12.1,511.0,JEFFREY G STOVER,,WDI4806,31.0
367702190,2020-01-01T10:12:54,31.94952,-91.18874,5.3,10.1,511.0,JEFFREY G STOVER,,WDI4806,31.0
367702190,2020-01-01T10:14:02,31.95117,-91.18849,5.1,12.2,511.0,JEFFREY G STOVER,,WDI4806,31.0
367702190,2020-01-01T10:15:13,31.95281,-91.18808,5.1,12.8,511.0,JEFFREY G STOVER,,WDI4806,31.0
367702190,2020-01-01T10:16:23,31.9544,-91.18768,5.0,11.6,511.0,JEFFREY G STOVER,,WDI4806,31.0
367702190,2020-01-01T10:17:33,31.95604,-91.1873,5.0,9.7,511.0,JEFFREY G STOVER,,WDI4806,31.0
367702190,2020-01-01T10:18:43,31.95761,-91.18705,5.0,6.1,511.0,JEFFREY G STOVER,,WDI4806,31.0
367702190,2020-01-01T10:19:53,31.95924,-91.18696,5.0,357.9,511.0,JEFFREY G STOVER,,WDI4806,31.0
367702190,2020-01-01T10:21:43,31.96175,-91.18725,4.8,353.5,511.0,JEFFREY G STOVER,,WDI4806,31.0
367702190,2020-01-01T10:23:13,31.96369,-91.18735,4.4,358.7,511.0,JEFFREY G STOVER,,WDI4806,31.0
367702190,2020-01-01T10:24:23,31.96503,-91.18715,4.0,17.5,511.0,JEFFREY G STOVER,,WDI4806,31.0
367702190,2020-01-01T10:25:34,31.96628,-91.1867,4.0,18.6,511.0,JEFFREY G STOVER,,WDI4806,31.0
367702190,2020-01-01T10:27:13,31.96799,-91.186,4.0,16.1,511.0,JEFFREY G STOVER,,WDI4806,31.0
367702190,2020-01-01T10:28:14,31.96906,-91.18559,4.0,20.3,511.0,JEFFREY G STOVER,,WDI4806,31.0
367702190,2020-01-01T10:29:23,31.97012,-91.18478,3.9,36.4,511.0,JEFFREY G STOVER,,WDI4806,31.0
367702190,2020-01-01T10:30:24,31.97106,-91.18416,4.0,27.8,511.0,JEFFREY G STOVER,,WDI4806,31.0
367702190,2020-01-01T10:31:33,31.97221,-91.18339,4.1,28.9,511.0,JEFFREY G STOVER,,WDI4806,31.0
367702190,2020-01-01T10:32:53,31.97347,-91.18241,4.1,41.7,511.0,JEFFREY G STOVER,,WDI4806,31.0
367702190,2020-01-01T10:34:03,31.97446,-91.18126,4.2,44.6,511.0,JEFFREY G STOVER,,WDI4806,31.0
367702190,2020-01-01T10:35:12,31.97541,-91.18013,4.3,47.0,511.0,JEFFREY G STOVER,,WDI4806,31.0
367702190,2020-01-01T10:37:04,31.97696,-91.17821,4.4,44.9,511.0,JEFFREY G STOVER,,WDI4806,31.0
367702190,2020-01-01T10:38:12,31.97813,-91.17726,4.6,27.6,511.0,JEFFREY G STOVER,,WDI4806,31.0
367702190,2020-01-01T10:40:12,31.98003,-91.17523,4.9,44.5,511.0,JEFFREY G STOVER,,WDI4806,31.0
367702190,2020-01-01T10:41:32,31.98116,-91.17355,5.0,56.9,511.0,JEFFREY G STOVER,,WDI4806,31.0
367702190,2020-01-01T10:44:33,31.98312,-91.16896,5.3,75.2,511.0,JEFFREY G STOVER,,WDI4806,31.0
367702190,2020-01-01T10:45:54,31.98353,-91.16666,5.4,79.7,511.0,JEFFREY G STOVER,,WDI4806,31.0
367702190,2020-01-01T10:47:13,31.98386,-91.16435,5.5,79.5,511.0,JEFFREY G STOVER,,WDI4806,31.0
367702190,2020-01-01T10:50:12,31.98467,-91.15912,5.4,87.7,511.0,JEFFREY G STOVER,,WDI4806,31.0
367702190,2020-01-01T10:52:44,31.98449,-91.15472,5.2,92.4,511.0,JEFFREY G STOVER,,WDI4806,31.0
367702190,2020-01-01T10:54:04,31.98443,-91.15256,4.9,90.4,511.0,JEFFREY G STOVER,,WDI4806,31.0
367702190,2020-01-01T10:55:12,31.98443,-91.15078,4.6,90.3,511.0,JEFFREY G STOVER,,WDI4806,31.0
367702190,2020-01-01T10:56:13,31.9844,-91.14927,4.5,92.3,511.0,JEFFREY G STOVER,,WDI4806,31.0
367702190,2020-01-01T10:57:33,31.98431,-91.14733,4.4,89.1,511.0,JEFFREY G STOVER,,WDI4806,31.0
367702190,2020-01-01T10:58:54,31.98442,-91.14536,4.4,85.9,511.0,JEFFREY G STOVER,,WDI4806,31.0
367702190,2020-01-01T11:00:04,31.9845,-91.14369,4.5,90.1,511.0,JEFFREY G STOVER,,WDI4806,31.0
367702190,2020-01-01T11:01:13,31.98443,-91.14199,4.5,91.1,511.0,JEFFREY G STOVER,,WDI4806,31.0
367702190,2020-01-01T11:02:34,31.98443,-91.13999,4.4,88.9,511.0,JEFFREY G STOVER,,WDI4806,31.0
367702190,2020-01-01T11:03:44,31.98453,-91.13837,4.3,82.7,511.0,JEFFREY G STOVER,,WDI4806,31.0
367702190,2020-01-01T11:05:23,31.98464,-91.13603,4.3,85.0,511.0,JEFFREY G STOVER,,WDI4806,31.0
367702190,2020-01-01T11:06:34,31.98482,-91.13444,4.2,81.6,511.0,JEFFREY G STOVER,,WDI4806,31.0
367702190,2020-01-01T11:08:04,31.98491,-91.13237,4.2,91.1,511.0,JEFFREY G STOVER,,WDI4806,31.0
367702190,2020-01-01T11:10:03,31.985,-91.12965,4.2,88.4,511.0,JEFFREY G STOVER,,WDI4806,31.0
367702190,2020-01-01T11:11:53,31.98509,-91.1271,4.2,82.0,511.0,JEFFREY G STOVER,,WDI4806,31.0
367702190,2020-01-01T11:13:22,31.98516,-91.12507,4.2,91.8,511.0,JEFFREY G STOVER,,WDI4806,31.0
367702190,2020-01-01T11:14:24,31.98521,-91.12369,4.1,80.2,511.0,JEFFREY G STOVER,,WDI4806,31.0
367702190,2020-01-01T11:15:33,31.98535,-91.12215,4.1,85.8,511.0,JEFFREY G STOVER,,WDI4806,31.0
367702190,2020-01-01T11:16:53,31.98548,-91.12039,4.1,85.0,511.0,JEFFREY G STOVER,,WDI4806,31.0
367702190,2020-01-01T11:18:02,31.98571,-91.11892,4.0,75.1,511.0,JEFFREY G STOVER,,WDI4806,31.0
367702190,2020-01-01T11:19:04,31.98593,-91.11763,3.9,80.3,511.0,JEFFREY G STOVER,,WDI4806,31.0
367702190,2020-01-01T11:20:43,31.98628,-91.11553,3.9,73.2,511.0,JEFFREY G STOVER,,WDI4806,31.0
367702190,2020-01-01T11:23:32,31.98715,-91.11201,4.0,72.4,511.0,JEFFREY G STOVER,,WDI4806,31.0
367702190,2020-01-01T11:25:32,31.98778,-91.10945,4.1,68.7,511.0,JEFFREY G STOVER,,WDI4806,31.0
367702190,2020-01-01T11:26:43,31.98831,-91.10798,4.0,69.6,511.0,JEFFREY G STOVER,,WDI4806,31.0
367702190,2020-01-01T11:28:02,31.98882,-91.1064,3.9,59.4,511.0,JEFFREY G STOVER,,WDI4806,31.0
367702190,2020-01-01T11:30:22,31.99049,-91.104,4.2,50.7,511.0,JEFFREY G STOVER,,WDI4806,31.0
367702190,2020-01-01T11:32:22,31.99191,-91.10174,4.4,55.7,511.0,JEFFREY G STOVER,,WDI4806,31.0
367702190,2020-01-01T11:34:32,31.99353,-91.09921,4.5,55.8,511.0,JEFFREY G STOVER,,WDI4806,31.0
367702190,2020-01-01T11:37:04,31.99531,-91.09619,4.4,54.7,511.0,JEFFREY G STOVER,,WDI4806,31.0
367702190,2020-01-01T11:38:44,31.99668,-91.0944,4.4,42.9,511.0,JEFFREY G STOVER,,WDI4806,31.0
367702190,2020-01-01T11:40:53,31.99854,-91.09207,4.7,51.3,511.0,JEFFREY G STOVER,,WDI4806,31.0
367702190,2020-01-01T11:42:04,31.99954,-91.09066,4.7,47.6,511.0,JEFFREY G STOVER,,WDI4806,31.0
367702190,2020-01-01T11:43:14,32.00066,-91.08941,4.8,45.1,511.0,JEFFREY G STOVER,,WDI4806,31.0
367702190,2020-01-01T11:44:32,32.00189,-91.08802,4.7,45.4,511.0,JEFFREY G STOVER,,WDI4806,31.0
367702190,2020-01-01T11:45:53,32.0032,-91.08659,4.7,36.3,511.0,JEFFREY G STOVER,,WDI4806,31.0
367702190,2020-01-01T11:47:03,32.00449,-91.0856,4.8,31.0,511.0,JEFFREY G STOVER,,WDI4806,31.0
367702190,2020-01-01T11:48:13,32.00582,-91.08459,4.9,36.0,511.0,JEFFREY G STOVER,,WDI4806,31.0
367702190,2020-01-01T11:49:23,32.00705,-91.08335,5.1,42.7,511.0,JEFFREY G STOVER,,WDI4806,31.0
367702190,2020-01-01T11:50:34,32.00838,-91.08226,5.1,28.0,511.0,JEFFREY G STOVER,,WDI4806,31.0
367702190,2020-01-01T11:51:53,32.0101,-91.08122,5.3,30.5,511.0,JEFFREY G STOVER,,WDI4806,31.0
367702190,2020-01-01T11:55:42,32.01493,-91.07734,5.6,38.4,511.0,JEFFREY G STOVER,,WDI4806,31.0
367702190,2020-01-01T11:57:03,32.01653,-91.0757,5.5,39.0,511.0,JEFFREY G STOVER,,WDI4806,31.0
367702190,2020-01-01T11:58:13,32.01798,-91.07456,5.3,27.7,511.0,JEFFREY G STOVER,,WDI4806,31.0
367702190,2020-01-01T11:59:22,32.01948,-91.07363,5.2,35.1,511.0,JEFFREY G STOVER,,WDI4806,31.0
367702190,2020-01-01T12:00:03,32.02026,-91.07295,5.2,37.2,511.0,JEFFREY G STOVER,,WDI4806,31.0
367702190,2020-01-01T12:01:13,32.02166,-91.07205,4.8,22.1,511.0,JEFFREY G STOVER,,WDI4806,31.0
367702190,2020-01-01T12:02:23,32.02311,-91.0714,4.9,20.3,511.0,JEFFREY G STOVER,,WDI4806,31.0
367702190,2020-01-01T12:03:32,32.02457,-91.07057,4.9,28.5,511.0,JEFFREY G STOVER,,WDI4806,31.0
367702190,2020-01-01T12:04:44,32.02601,-91.06982,4.9,21.8,511.0,JEFFREY G STOVER,,WDI4806,31.0
367702190,2020-01-01T12:05:52,32.02748,-91.06913,5.0,20.9,511.0,JEFFREY G STOVER,,WDI4806,31.0
367702190,2020-01-01T12:07:13,32.02927,-91.06826,5.2,23.5,511.0,JEFFREY G STOVER,,WDI4806,31.0
367702190,2020-01-01T12:08:33,32.03104,-91.06731,5.3,24.9,511.0,JEFFREY G STOVER,,WDI4806,31.0
367702190,2020-01-01T12:09:52,32.03283,-91.06633,5.5,26.3,511.0,JEFFREY G STOVER,,WDI4806,31.0
367702190,2020-01-01T12:10:53,32.03418,-91.06542,5.5,31.8,511.0,JEFFREY G STOVER,,WDI4806,31.0
367702190,2020-01-01T12:12:14,32.03604,-91.06432,5.6,26.8,511.0,JEFFREY G STOVER,,WDI4806,31.0
367702190,2020-01-01T12:13:33,32.03788,-91.06313,5.7,29.7,511.0,JEFFREY G STOVER,,WDI4806,31.0
367702190,2020-01-01T12:14:53,32.03973,-91.06199,5.5,26.6,511.0,JEFFREY G STOVER,,WDI4806,31.0
367702190,2020-01-01T12:16:14,32.04148,-91.06086,5.1,28.1,511.0,JEFFREY G STOVER,,WDI4806,31.0
367702190,2020-01-01T12:17:24,32.04288,-91.06012,4.4,14.5,511.0,JEFFREY G STOVER,,WDI4806,31.0
367702190,2020-01-01T12:18:32,32.04422,-91.05986,4.1,5.9,511.0,JEFFREY G STOVER,,WDI4806,31.0
367702190,2020-01-01T12:19:43,32.04554,-91.0597,4.1,10.1,511.0,JEFFREY G STOVER,,WDI4806,31.0
367702190,2020-01-01T12:21:13,32.04717,-91.05917,4.0,15.9,511.0,JEFFREY G STOVER,,WDI4806,31.0
367702190,2020-01-01T12:22:34,32.04856,-91.05877,3.7,10.9,511.0,JEFFREY G STOVER,,WDI4806,31.0
367702190,2020-01-01T12:24:14,32.05024,-91.05862,3.5,358.5,511.0,JEFFREY G STOVER,,WDI4806,31.0
367702190,2020-01-01T12:25:23,32.05135,-91.05853,3.5,7.7,511.0,JEFFREY G STOVER,,WDI4806,31.0
367702190,2020-01-01T12:26:34,32.05251,-91.05837,3.4,5.5,511.0,JEFFREY G STOVER,,WDI4806,31.0
367702190,2020-01-01T12:27:43,32.05355,-91.05831,3.3,359.0,511.0,JEFFREY G STOVER,,WDI4806,31.0
367702190,2020-01-01T12:28:53,32.05459,-91.05853,3.3,344.0,511.0,JEFFREY G STOVER,,WDI4806,31.0
367702190,2020-01-01T12:30:23,32.05595,-91.05894,3.4,351.3,511.0,JEFFREY G STOVER,,WDI4806,31.0
367702190,2020-01-01T12:32:03,32.05759,-91.05896,3.5,3.8,511.0,JEFFREY G STOVER,,WDI4806,31.0
367702190,2020-01-01T12:33:13,32.05877,-91.05882,3.6,6.7,511.0,JEFFREY G STOVER,,WDI4806,31.0
367702190,2020-01-01T12:34:23,32.05993,-91.05869,3.7,4.4,511.0,JEFFREY G STOVER,,WDI4806,31.0
367702190,2020-01-01T12:37:32,32.06329,-91.05854,3.9,359.9,511.0,JEFFREY G STOVER,,WDI4806,31.0
367702190,2020-01-01T12:39:13,32.0651,-91.05865,3.9,350.5,511.0,JEFFREY G STOVER,,WDI4806,31.0
367702190,2020-01-01T12:40:25,32.06638,-91.05903,4.1,344.1,511.0,JEFFREY G STOVER,,WDI4806,31.0
367702190,2020-01-01T12:41:42,32.06793,-91.05938,4.7,352.8,511.0,JEFFREY G STOVER,,WDI4806,31.0
367702190,2020-01-01T12:43:24,32.07023,-91.05986,5.1,346.2,511.0,JEFFREY G STOVER,,WDI4806,31.0
367702190,2020-01-01T12:44:52,32.07223,-91.06072,5.5,335.7,511.0,JEFFREY G STOVER,,WDI4806,31.0
367702190,2020-01-01T12:46:13,32.07413,-91.06181,5.8,328.9,511.0,JEFFREY G STOVER,,WDI4806,31.0
367702190,2020-01-01T12:47:34,32.076,-91.0632,6.0,326.5,511.0,JEFFREY G STOVER,,WDI4806,31.0
367702190,2020-01-01T12:48:44,32.07752,-91.06464,6.2,318.2,511.0,JEFFREY G STOVER,,WDI4806,31.0
367702190,2020-01-01T12:49:52,32.07899,-91.06621,5.9,315.3,511.0,JEFFREY G STOVER,,WDI4806,31.0
367702190,2020-01-01T12:50:54,32.08001,-91.06758,5.2,309.5,511.0,JEFFREY G STOVER,,WDI4806,31.0
367702190,2020-01-01T12:52:03,32.08098,-91.06899,4.5,309.0,511.0,JEFFREY G STOVER,,WDI4806,31.0
367702190,2020-01-01T12:53:14,32.08185,-91.07026,4.0,307.0,511.0,JEFFREY G STOVER,,WDI4806,31.0
367702190,2020-01-01T12:54:24,32.08255,-91.07143,3.7,304.5,511.0,JEFFREY G STOVER,,WDI4806,31.0
367702190,2020-01-01T12:55:32,32.0832,-91.07253,3.5,303.4,511.0,JEFFREY G STOVER,,WDI4806,31.0
367702190,2020-01-01T12:56:54,32.08387,-91.07379,3.3,299.6,511.0,JEFFREY G STOVER,,WDI4806,31.0
367702190,2020-01-01T12:58:02,32.08437,-91.07487,3.2,296.3,511.0,JEFFREY G STOVER,,WDI4806,31.0
367702190,2020-01-01T12:59:13,32.08487,-91.07587,2.8,302.5,511.0,JEFFREY G STOVER,,WDI4806,31.0
367702190,2020-01-01T13:00:14,32.08527,-91.07657,2.5,308.4,511.0,JEFFREY G STOVER,,WDI4806,31.0
367702190,2020-01-01T13:01:33,32.08587,-91.07729,2.1,314.0,511.0,JEFFREY G STOVER,,WDI4806,31.0
367702190,2020-01-01T13:02:53,32.08641,-91.07792,1.9,316.4,511.0,JEFFREY G STOVER,,WDI4806,31.0
367702190,2020-01-01T13:06:02,32.08736,-91.07895,1.0,320.9,511.0,JEFFREY G STOVER,,WDI4806,31.0
367702190,2020-01-01T13:08:12,32.08776,-91.07927,0.6,329.2,511.0,JEFFREY G STOVER,,WDI4806,31.0
367702190,2020-01-01T13:15:14,32.08901,-91.08057,1.1,319.9,511.0,JEFFREY G STOVER,,WDI4806,31.0
367702190,2020-01-01T13:16:32,32.0893,-91.08089,1.1,312.9,511.0,JEFFREY G STOVER,,WDI4806,31.0
367702190,2020-01-01T13:17:43,32.08955,-91.08121,1.1,309.6,511.0,JEFFREY G STOVER,,WDI4806,31.0
367702190,2020-01-01T13:18:53,32.08978,-91.08155,1.2,306.4,511.0,JEFFREY G STOVER,,WDI4806,31.0
367702190,2020-01-01T13:19:54,32.08997,-91.08187,1.2,303.9,511.0,JEFFREY G STOVER,,WDI4806,31.0
367702190,2020-01-01T13:21:03,32.09016,-91.08222,1.2,301.9,511.0,JEFFREY G STOVER,,WDI4806,31.0
367702190,2020-01-01T13:22:13,32.09037,-91.08261,1.1,301.7,511.0,JEFFREY G STOVER,,WDI4806,31.0
367702190,2020-01-01T13:23:23,32.09057,-91.08295,1.1,309.8,511.0,JEFFREY G STOVER,,WDI4806,31.0
367702190,2020-01-01T13:24:44,32.09089,-91.08328,1.1,322.2,511.0,JEFFREY G STOVER,,WDI4806,31.0
367702190,2020-01-01T13:25:54,32.09119,-91.08352,1.1,324.4,511.0,JEFFREY G STOVER,,WDI4806,31.0
367702190,2020-01-01T13:27:23,32.09154,-91.08388,1.2,319.9,511.0,JEFFREY G STOVER,,WDI4806,31.0
367702190,2020-01-01T13:28:33,32.09184,-91.08415,1.1,321.9,511.0,JEFFREY G STOVER,,WDI4806,31.0
367702190,2020-01-01T13:30:04,32.09217,-91.08443,0.9,320.4,511.0,JEFFREY G STOVER,,WDI4806,31.0
367702190,2020-01-01T13:32:13,32.09251,-91.08485,0.6,311.8,511.0,JEFFREY G STOVER,,WDI4806,31.0
367702190,2020-01-01T13:33:52,32.09266,-91.08505,0.4,305.5,511.0,JEFFREY G STOVER,,WDI4806,31.0
367702190,2020-01-01T13:35:23,32.09278,-91.08518,0.4,321.6,511.0,JEFFREY G STOVER,,WDI4806,31.0
367702190,2020-01-01T13:36:34,32.09289,-91.08525,0.4,335.6,511.0,JEFFREY G STOVER,,WDI4806,31.0
367702190,2020-01-01T13:37:53,32.09309,-91.08532,0.6,341.9,511.0,JEFFREY G STOVER,,WDI4806,31.0
367702190,2020-01-01T13:39:13,32.09329,-91.08539,0.5,340.4,511.0,JEFFREY G STOVER,,WDI4806,31.0
367702190,2020-01-01T13:40:23,32.09343,-91.08544,0.5,338.0,511.0,JEFFREY G STOVER,,WDI4806,31.0
367702190,2020-01-01T13:41:33,32.09357,-91.08549,0.5,340.2,511.0,JEFFREY G STOVER,,WDI4806,31.0
367702190,2020-01-01T13:42:44,32.09376,-91.08554,0.7,344.7,511.0,JEFFREY G STOVER,,WDI4806,31.0
367702190,2020-01-01T13:44:43,32.09422,-91.0858,1.4,313.5,511.0,JEFFREY G STOVER,,WDI4806,31.0
367702190,2020-01-01T13:46:03,32.09461,-91.08655,2.5,290.4,511.0,JEFFREY G STOVER,,WDI4806,31.0
367702190,2020-01-01T13:47:12,32.09488,-91.08758,3.2,288.7,511.0,JEFFREY G STOVER,,WDI4806,31.0
367702190,2020-01-01T13:49:12,32.09604,-91.08987,4.9,297.8,511.0,JEFFREY G STOVER,,WDI4806,31.0
367702190,2020-01-01T13:50:23,32.09689,-91.09152,5.2,301.7,511.0,JEFFREY G STOVER,,WDI4806,31.0
367702190,2020-01-01T13:51:33,32.09794,-91.09306,5.2,312.5,511.0,JEFFREY G STOVER,,WDI4806,31.0
367702190,2020-01-01T13:53:02,32.09936,-91.09494,5.0,313.2,511.0,JEFFREY G STOVER,,WDI4806,31.0
367702190,2020-01-01T13:54:24,32.10078,-91.0963,4.7,321.6,511.0,JEFFREY G STOVER,,WDI4806,31.0
367702190,2020-01-01T13:55:42,32.10209,-91.0975,4.5,325.6,511.0,JEFFREY G STOVER,,WDI4806,31.0
367702190,2020-01-01T13:56:53,32.10328,-91.09844,4.3,325.6,511.0,JEFFREY G STOVER,,WDI4806,31.0
367702190,2020-01-01T13:58:04,32.10443,-91.09937,4.3,321.9,511.0,JEFFREY G STOVER,,WDI4806,31.0
367702190,2020-01-01T13:59:12,32.10551,-91.10044,4.3,323.6,511.0,JEFFREY G STOVER,,WDI4806,31.0
367702190,2020-01-01T14:00:04,32.10639,-91.10109,4.4,330.7,511.0,JEFFREY G STOVER,,WDI4806,31.0
367702190,2020-01-01T14:01:13,32.10764,-91.10201,4.7,326.2,511.0,JEFFREY G STOVER,,WDI4806,31.0
367702190,2020-01-01T14:02:23,32.10889,-91.10301,5.0,323.2,511.0,JEFFREY G STOVER,,WDI4806,31.0
367702190,2020-01-01T14:03:32,32.11017,-91.10416,4.8,325.6,511.0,JEFFREY G STOVER,,WDI4806,31.0
367702190,2020-01-01T14:04:44,32.1115,-91.10504,4.4,337.6,511.0,JEFFREY G STOVER,,WDI4806,31.0
367702190,2020-01-01T14:05:53,32.11284,-91.10569,4.4,336.6,511.0,JEFFREY G STOVER,,WDI4806,31.0
367702190,2020-01-01T14:07:03,32.11409,-91.10646,4.4,328.3,511.0,JEFFREY G STOVER,,WDI4806,31.0
367702190,2020-01-01T14:08:13,32.11532,-91.10727,4.0,338.6,511.0,JEFFREY G STOVER,,WDI4806,31.0
367702190,2020-01-01T14:09:23,32.11648,-91.1076,3.8,350.5,511.0,JEFFREY G STOVER,,WDI4806,31.0
367702190,2020-01-01T14:10:32,32.11775,-91.10774,3.8,359.9,511.0,JEFFREY G STOVER,,WDI4806,31.0
367702190,2020-01-01T14:11:33,32.11886,-91.10765,4.0,5.8,511.0,JEFFREY G STOVER,,WDI4806,31.0
367702190,2020-01-01T14:12:43,32.12011,-91.10731,4.0,18.7,511.0,JEFFREY G STOVER,,WDI4806,31.0
367702190,2020-01-01T14:13:53,32.12132,-91.10668,4.2,30.5,511.0,JEFFREY G STOVER,,WDI4806,31.0
367702190,2020-01-01T14:15:02,32.12248,-91.10573,4.5,36.1,511.0,JEFFREY G STOVER,,WDI4806,31.0
367702190,2020-01-01T14:16:13,32.12371,-91.10468,4.7,37.7,511.0,JEFFREY G STOVER,,WDI4806,31.0
367702190,2020-01-01T14:17:32,32.12516,-91.10342,4.9,39.5,511.0,JEFFREY G STOVER,,WDI4806,31.0
367702190,2020-01-01T14:18:44,32.12642,-91.10211,5.0,38.5,511.0,JEFFREY G STOVER,,WDI4806,31.0
367702190,2020-01-01T14:19:53,32.12765,-91.10099,4.9,38.8,511.0,JEFFREY G STOVER,,WDI4806,31.0
367702190,2020-01-01T14:21:02,32.12881,-91.0998,4.6,43.2,511.0,JEFFREY G STOVER,,WDI4806,31.0
367702190,2020-01-01T14:22:03,32.1297,-91.09869,4.4,51.9,511.0,JEFFREY G STOVER,,WDI4806,31.0
367702190,2020-01-01T14:23:13,32.13052,-91.0974,4.1,51.9,511.0,JEFFREY G STOVER,,WDI4806,31.0
367702190,2020-01-01T14:24:23,32.13139,-91.09623,4.0,46.0,511.0,JEFFREY G STOVER,,WDI4806,31.0
367702190,2020-01-01T14:25:43,32.13269,-91.09513,4.7,27.8,511.0,JEFFREY G STOVER,,WDI4806,31.0
367702190,2020-01-01T14:27:13,32.13403,-91.09381,3.8,58.9,511.0,JEFFREY G STOVER,,WDI4806,31.0
367702190,2020-01-01T14:28:43,32.13457,-91.09197,4.3,76.6,511.0,JEFFREY G STOVER,,WDI4806,31.0
367702190,2020-01-01T14:29:53,32.1349,-91.09025,4.9,77.2,511.0,JEFFREY G STOVER,,WDI4806,31.0
367702190,2020-01-01T14:31:03,32.13507,-91.08834,5.2,89.5,511.0,JEFFREY G STOVER,,WDI4806,31.0
367702190,2020-01-01T14:32:33,32.13494,-91.08571,5.5,96.5,511.0,JEFFREY G STOVER,,WDI4806,31.0
367702190,2020-01-01T14:33:43,32.13463,-91.08362,5.6,104.0,511.0,JEFFREY G STOVER,,WDI4806,31.0
367702190,2020-01-01T14:35:33,32.13382,-91.08041,5.5,110.8,511.0,JEFFREY G STOVER,,WDI4806,31.0
367702190,2020-01-01T14:36:43,32.13328,-91.07845,5.4,108.4,511.0,JEFFREY G STOVER,,WDI4806,31.0
367702190,2020-01-01T14:38:03,32.13258,-91.07627,5.1,113.9,511.0,JEFFREY G STOVER,,WDI4806,31.0
367702190,2020-01-01T14:39:12,32.13197,-91.07456,4.9,109.8,511.0,JEFFREY G STOVER,,WDI4806,31.0
367702190,2020-01-01T14:40:24,32.13142,-91.07281,4.6,110.1,511.0,JEFFREY G STOVER,,WDI4806,31.0
367702190,2020-01-01T14:41:33,32.1309,-91.07122,4.5,111.4,511.0,JEFFREY G STOVER,,WDI4806,31.0
367702190,2020-01-01T14:43:33,32.13024,-91.06849,4.3,103.5,511.0,JEFFREY G STOVER,,WDI4806,31.0
367702190,2020-01-01T14:44:42,32.12985,-91.0669,4.3,106.1,511.0,JEFFREY G STOVER,,WDI4806,31.0
367702190,2020-01-01T14:45:52,32.12944,-91.06533,4.4,111.4,511.0,JEFFREY G STOVER,,WDI4806,31.0
367702190,2020-01-01T14:47:02,32.12893,-91.06379,4.3,109.7,511.0,JEFFREY G STOVER,,WDI4806,31.0
367702190,2020-01-01T14:49:12,32.12797,-91.061,4.2,111.6,511.0,JEFFREY G STOVER,,WDI4806,31.0
367702190,2020-01-01T14:50:23,32.12744,-91.05952,4.1,111.7,511.0,JEFFREY G STOVER,,WDI4806,31.0
367702190,2020-01-01T14:51:52,32.12686,-91.05764,4.0,110.1,511.0,JEFFREY G STOVER,,WDI4806,31.0
367702190,2020-01-01T14:53:03,32.12638,-91.05625,4.0,117.7,511.0,JEFFREY G STOVER,,WDI4806,31.0
367702190,2020-01-01T14:54:14,32.12572,-91.05487,3.9,115.6,511.0,JEFFREY G STOVER,,WDI4806,31.0
367702190,2020-01-01T14:55:15,32.12532,-91.05375,3.7,111.9,511.0,JEFFREY G STOVER,,WDI4806,31.0
367702190,2020-01-01T14:56:23,32.12491,-91.0525,3.6,111.2,511.0,JEFFREY G STOVER,,WDI4806,31.0
367702190,2020-01-01T14:57:43,32.12451,-91.05102,3.5,108.2,511.0,JEFFREY G STOVER,,WDI4806,31.0
367702190,2020-01-01T14:58:53,32.12401,-91.04976,3.5,117.5,511.0,JEFFREY G STOVER,,WDI4806,31.0
367702190,2020-01-01T15:00:02,32.12348,-91.04865,3.4,119.4,511.0,JEFFREY G STOVER,,WDI4806,31.0
367702190,2020-01-01T15:01:13,32.12306,-91.04748,3.3,107.8,511.0,JEFFREY G STOVER,,WDI4806,31.0
367702190,2020-01-01T15:02:14,32.12282,-91.04645,3.3,105.5,511.0,JEFFREY G STOVER,,WDI4806,31.0
367702190,2020-01-01T15:03:24,32.12253,-91.04519,3.4,103.6,511.0,JEFFREY G STOVER,,WDI4806,31.0
367702190,2020-01-01T15:04:34,32.12225,-91.04392,3.5,105.2,511.0,JEFFREY G STOVER,,WDI4806,31.0
367702190,2020-01-01T15:05:43,32.12185,-91.0427,3.4,109.5,511.0,JEFFREY G STOVER,,WDI4806,31.0
367702190,2020-01-01T15:07:02,32.12146,-91.04127,3.6,113.3,511.0,JEFFREY G STOVER,,WDI4806,31.0
367702190,2020-01-01T15:08:13,32.12098,-91.04007,3.5,112.3,511.0,JEFFREY G STOVER,,WDI4806,31.0
367702190,2020-01-01T15:09:23,32.12062,-91.03878,3.4,103.7,511.0,JEFFREY G STOVER,,WDI4806,31.0
367702190,2020-01-01T15:10:34,32.12056,-91.03751,3.2,85.4,511.0,JEFFREY G STOVER,,WDI4806,31.0
367702190,2020-01-01T15:11:44,32.1207,-91.03624,3.5,81.8,511.0,JEFFREY G STOVER,,WDI4806,31.0
367702190,2020-01-01T15:12:52,32.12096,-91.03488,3.7,79.4,511.0,JEFFREY G STOVER,,WDI4806,31.0
367702190,2020-01-01T15:14:03,32.12111,-91.0335,3.7,84.8,511.0,JEFFREY G STOVER,,WDI4806,31.0
367702190,2020-01-01T15:15:13,32.1212,-91.03206,3.8,87.4,511.0,JEFFREY G STOVER,,WDI4806,31.0
367702190,2020-01-01T15:16:22,32.12125,-91.03058,3.8,87.0,511.0,JEFFREY G STOVER,,WDI4806,31.0
367702190,2020-01-01T15:17:33,32.12134,-91.02911,3.8,83.1,511.0,JEFFREY G STOVER,,WDI4806,31.0
367702190,2020-01-01T15:18:43,32.12147,-91.02767,3.8,85.6,511.0,JEFFREY G STOVER,,WDI4806,31.0
367702190,2020-01-01T15:20:22,32.1216,-91.02559,3.8,85.5,511.0,JEFFREY G STOVER,,WDI4806,31.0
367702190,2020-01-01T15:21:33,32.12174,-91.02419,3.7,82.6,511.0,JEFFREY G STOVER,,WDI4806,31.0
367702190,2020-01-01T15:22:43,32.12195,-91.02283,3.6,76.6,511.0,JEFFREY G STOVER,,WDI4806,31.0
367702190,2020-01-01T15:23:53,32.12234,-91.02148,3.7,69.1,511.0,JEFFREY G STOVER,,WDI4806,31.0
367702190,2020-01-01T15:25:03,32.12266,-91.02006,3.9,73.0,511.0,JEFFREY G STOVER,,WDI4806,31.0
367702190,2020-01-01T15:26:12,32.12307,-91.01868,4.1,75.0,511.0,JEFFREY G STOVER,,WDI4806,31.0
367702190,2020-01-01T15:27:34,32.12358,-91.01699,4.1,66.2,511.0,JEFFREY G STOVER,,WDI4806,31.0
367702190,2020-01-01T15:28:42,32.12418,-91.01561,4.2,61.3,511.0,JEFFREY G STOVER,,WDI4806,31.0
367702190,2020-01-01T15:29:53,32.12487,-91.01413,4.5,64.5,511.0,JEFFREY G STOVER,,WDI4806,31.0
367702190,2020-01-01T15:31:02,32.12561,-91.01274,4.2,49.4,511.0,JEFFREY G STOVER,,WDI4806,31.0
367702190,2020-01-01T15:32:03,32.12647,-91.01175,4.4,43.4,511.0,JEFFREY G STOVER,,WDI4806,31.0
367702190,2020-01-01T15:33:13,32.12757,-91.01062,4.5,39.9,511.0,JEFFREY G STOVER,,WDI4806,31.0
367702190,2020-01-01T15:34:23,32.12875,-91.00953,4.7,36.0,511.0,JEFFREY G STOVER,,WDI4806,31.0
367702190,2020-01-01T15:35:33,32.13002,-91.00852,4.8,35.1,511.0,JEFFREY G STOVER,,WDI4806,31.0
367702190,2020-01-01T15:36:42,32.13131,-91.00741,4.9,32.3,511.0,JEFFREY G STOVER,,WDI4806,31.0
367702190,2020-01-01T15:37:43,32.13249,-91.00664,5.0,28.5,511.0,JEFFREY G STOVER,,WDI4806,31.0
367702190,2020-01-01T15:38:54,32.13396,-91.00579,4.9,19.7,511.0,JEFFREY G STOVER,,WDI4806,31.0
367702190,2020-01-01T15:40:02,32.13546,-91.00521,4.9,15.9,511.0,JEFFREY G STOVER,,WDI4806,31.0
367702190,2020-01-01T15:41:14,32.13704,-91.00489,4.9,7.0,511.0,JEFFREY G STOVER,,WDI4806,31.0
367702190,2020-01-01T15:42:23,32.13857,-91.00458,4.8,11.6,511.0,JEFFREY G STOVER,,WDI4806,31.0
367702190,2020-01-01T15:43:34,32.1401,-91.00419,4.7,13.0,511.0,JEFFREY G STOVER,,WDI4806,31.0
367702190,2020-01-01T15:44:43,32.14155,-91.00379,4.5,12.7,511.0,JEFFREY G STOVER,,WDI4806,31.0
367702190,2020-01-01T15:45:54,32.14297,-91.00337,4.4,18.6,511.0,JEFFREY G STOVER,,WDI4806,31.0
367702190,2020-01-01T15:47:03,32.14433,-91.0029,4.3,12.8,511.0,JEFFREY G STOVER,,WDI4806,31.0
367702190,2020-01-01T15:48:12,32.14566,-91.00258,4.3,14.0,511.0,JEFFREY G STOVER,,WDI4806,31.0
367702190,2020-01-01T15:49:22,32.14702,-91.00219,4.3,9.9,511.0,JEFFREY G STOVER,,WDI4806,31.0
367702190,2020-01-01T15:50:23,32.14818,-91.00189,4.2,11.3,511.0,JEFFREY G STOVER,,WDI4806,31.0
367702190,2020-01-01T15:51:33,32.14954,-91.00169,4.2,5.2,511.0,JEFFREY G STOVER,,WDI4806,31.0
367702190,2020-01-01T15:54:32,32.15306,-91.00124,4.3,12.7,511.0,JEFFREY G STOVER,,WDI4806,31.0
367702190,2020-01-01T15:56:32,32.15541,-91.0008,4.2,11.0,511.0,JEFFREY G STOVER,,WDI4806,31.0
367702190,2020-01-01T15:57:43,32.15673,-91.00052,4.2,7.4,511.0,JEFFREY G STOVER,,WDI4806,31.0
367702190,2020-01-01T15:58:52,32.15809,-91.00029,4.2,10.8,511.0,JEFFREY G STOVER,,WDI4806,31.0
367702190,2020-01-01T16:00:02,32.1594,-90.99993,4.1,14.4,511.0,JEFFREY G STOVER,,WDI4806,31.0
367702190,2020-01-01T16:01:13,32.16071,-90.99956,4.0,12.4,511.0,JEFFREY G STOVER,,WDI4806,31.0
367702190,2020-01-01T16:02:23,32.16197,-90.99925,4.0,5.8,511.0,JEFFREY G STOVER,,WDI4806,31.0
367702190,2020-01-01T16:03:33,32.16331,-90.99915,4.0,7.0,511.0,JEFFREY G STOVER,,WDI4806,31.0
367702190,2020-01-01T16:04:43,32.16463,-90.99895,4.0,7.8,511.0,JEFFREY G STOVER,,WDI4806,31.0
367702190,2020-01-01T16:05:53,32.16593,-90.99875,4.1,3.5,511.0,JEFFREY G STOVER,,WDI4806,31.0
367702190,2020-01-01T16:07:03,32.1672,-90.99872,4.1,1.6,511.0,JEFFREY G STOVER,,WDI4806,31.0
367702190,2020-01-01T16:08:13,32.16857,-90.99864,4.2,6.7,511.0,JEFFREY G STOVER,,WDI4806,31.0
367702190,2020-01-01T16:09:14,32.1697,-90.99844,4.2,7.7,511.0,JEFFREY G STOVER,,WDI4806,31.0
367702190,2020-01-01T16:10:23,32.17106,-90.9982,4.2,9.2,511.0,JEFFREY G STOVER,,WDI4806,31.0
367702190,2020-01-01T16:11:32,32.17239,-90.99795,4.2,8.9,511.0,JEFFREY G STOVER,,WDI4806,31.0
367702190,2020-01-01T16:12:44,32.17374,-90.9977,4.2,9.6,511.0,JEFFREY G STOVER,,WDI4806,31.0
367702190,2020-01-01T16:13:53,32.17507,-90.99744,4.2,9.3,511.0,JEFFREY G STOVER,,WDI4806,31.0
367702190,2020-01-01T16:15:03,32.17641,-90.99725,4.2,6.0,511.0,JEFFREY G STOVER,,WDI4806,31.0
367702190,2020-01-01T16:16:12,32.17777,-90.99706,4.2,7.8,511.0,JEFFREY G STOVER,,WDI4806,31.0
367702190,2020-01-01T16:17:23,32.17911,-90.99676,4.2,16.7,511.0,JEFFREY G STOVER,,WDI4806,31.0
367702190,2020-01-01T16:18:32,32.18036,-90.99617,4.2,24.2,511.0,JEFFREY G STOVER,,WDI4806,31.0
367702190,2020-01-01T16:19:34,32.18145,-90.9956,4.2,21.3,511.0,JEFFREY G STOVER,,WDI4806,31.0
367702190,2020-01-01T16:20:44,32.18271,-90.99505,4.2,21.1,511.0,JEFFREY G STOVER,,WDI4806,31.0
367702190,2020-01-01T16:21:53,32.184,-90.99446,4.2,20.5,511.0,JEFFREY G STOVER,,WDI4806,31.0
367702190,2020-01-01T16:23:03,32.18525,-90.99393,4.2,18.7,511.0,JEFFREY G STOVER,,WDI4806,31.0
367702190,2020-01-01T16:24:12,32.18659,-90.99341,4.3,16.1,511.0,JEFFREY G STOVER,,WDI4806,31.0
367702190,2020-01-01T16:25:23,32.18794,-90.99298,4.4,13.5,511.0,JEFFREY G STOVER,,WDI4806,31.0
367702190,2020-01-01T16:26:33,32.18935,-90.9927,4.5,3.9,511.0,JEFFREY G STOVER,,WDI4806,31.0
367702190,2020-01-01T16:27:44,32.19084,-90.99254,4.6,8.2,511.0,JEFFREY G STOVER,,WDI4806,31.0
367702190,2020-01-01T16:28:53,32.19221,-90.99209,4.5,21.5,511.0,JEFFREY G STOVER,,WDI4806,31.0
367702190,2020-01-01T16:30:03,32.19352,-90.99138,4.4,22.9,511.0,JEFFREY G STOVER,,WDI4806,31.0
367702190,2020-01-01T16:31:14,32.1949,-90.99076,4.5,21.9,511.0,JEFFREY G STOVER,,WDI4806,31.0
367702190,2020-01-01T16:32:24,32.19624,-90.99003,4.6,27.4,511.0,JEFFREY G STOVER,,WDI4806,31.0
367702190,2020-01-01T16:33:33,32.19755,-90.98923,4.7,26.5,511.0,JEFFREY G STOVER,,WDI4806,31.0
367702190,2020-01-01T16:34:34,32.19877,-90.98853,4.8,24.7,511.0,JEFFREY G STOVER,,WDI4806,31.0
367702190,2020-01-01T16:35:44,32.20022,-90.98785,4.9,19.6,511.0,JEFFREY G STOVER,,WDI4806,31.0
367702190,2020-01-01T16:36:53,32.20176,-90.98723,5.0,18.4,511.0,JEFFREY G STOVER,,WDI4806,31.0
367702190,2020-01-01T16:38:04,32.20327,-90.98658,5.0,23.8,511.0,JEFFREY G STOVER,,WDI4806,31.0
367702190,2020-01-01T16:39:13,32.20473,-90.98576,5.0,26.2,511.0,JEFFREY G STOVER,,WDI4806,31.0
367702190,2020-01-01T16:40:22,32.20617,-90.98496,5.1,23.7,511.0,JEFFREY G STOVER,,WDI4806,31.0
367702190,2020-01-01T16:41:33,32.20778,-90.98435,5.0,13.9,511.0,JEFFREY G STOVER,,WDI4806,31.0
367702190,2020-01-01T16:42:42,32.20935,-90.98393,5.1,13.8,511.0,JEFFREY G STOVER,,WDI4806,31.0
367702190,2020-01-01T16:43:43,32.21072,-90.98346,5.2,16.2,511.0,JEFFREY G STOVER,,WDI4806,31.0
367702190,2020-01-01T16:44:53,32.21237,-90.98313,5.2,8.6,511.0,JEFFREY G STOVER,,WDI4806,31.0
367702190,2020-01-01T16:46:02,32.21401,-90.9827,5.3,14.6,511.0,JEFFREY G STOVER,,WDI4806,31.0
367702190,2020-01-01T16:47:14,32.2157,-90.98241,5.1,0.6,511.0,JEFFREY G STOVER,,WDI4806,31.0
367702190,2020-01-01T16:48:23,32.21732,-90.98247,5.0,358.5,511.0,JEFFREY G STOVER,,WDI4806,31.0
367702190,2020-01-01T16:49:33,32.21892,-90.98247,4.9,2.9,511.0,JEFFREY G STOVER,,WDI4806,31.0
367702190,2020-01-01T16:50:44,32.22055,-90.98232,5.0,5.1,511.0,JEFFREY G STOVER,,WDI4806,31.0
367702190,2020-01-01T16:52:03,32.22238,-90.98215,5.1,2.1,511.0,JEFFREY G STOVER,,WDI4806,31.0
367702190,2020-01-01T16:53:04,32.22386,-90.98206,5.2,4.0,511.0,JEFFREY G STOVER,,WDI4806,31.0
367702190,2020-01-01T16:54:12,32.22553,-90.98197,5.3,359.9,511.0,JEFFREY G STOVER,,WDI4806,31.0
367702190,2020-01-01T16:55:13,32.22705,-90.98208,5.4,352.6,511.0,JEFFREY G STOVER,,WDI4806,31.0
367702190,2020-01-01T16:56:23,32.22875,-90.98242,5.4,349.8,511.0,JEFFREY G STOVER,,WDI4806,31.0
367702190,2020-01-01T16:57:32,32.23041,-90.98273,5.0,350.9,511.0,JEFFREY G STOVER,,WDI4806,31.0
367702190,2020-01-01T16:58:43,32.23198,-90.98308,4.8,349.9,511.0,JEFFREY G STOVER,,WDI4806,31.0
367702190,2020-01-01T16:59:52,32.23346,-90.98334,4.6,353.3,511.0,JEFFREY G STOVER,,WDI4806,31.0
367702190,2020-01-01T17:00:03,32.23369,-90.98337,4.6,354.1,511.0,JEFFREY G STOVER,,WDI4806,31.0
367702190,2020-01-01T17:01:13,32.23513,-90.98346,4.3,359.4,511.0,JEFFREY G STOVER,,WDI4806,31.0
367702190,2020-01-01T17:02:23,32.2364,-90.98323,4.0,17.8,511.0,JEFFREY G STOVER,,WDI4806,31.0
367702190,2020-01-01T17:03:33,32.23766,-90.98276,4.0,15.3,511.0,JEFFREY G STOVER,,WDI4806,31.0
367702190,2020-01-01T17:04:44,32.23892,-90.98237,4.0,14.4,511.0,JEFFREY G STOVER,,WDI4806,31.0
367702190,2020-01-01T17:05:54,32.24017,-90.98198,4.0,17.1,511.0,JEFFREY G STOVER,,WDI4806,31.0
367702190,2020-01-01T17:07:04,32.2414,-90.98145,4.0,21.6,511.0,JEFFREY G STOVER,,WDI4806,31.0
367702190,2020-01-01T17:08:13,32.24264,-90.98098,4.1,15.9,511.0,JEFFREY G STOVER,,WDI4806,31.0
367702190,2020-01-01T17:09:22,32.24387,-90.98057,4.1,19.5,511.0,JEFFREY G STOVER,,WDI4806,31.0
367702190,2020-01-01T17:10:33,32.24511,-90.98002,4.1,19.0,511.0,JEFFREY G STOVER,,WDI4806,31.0
367702190,2020-01-01T17:11:42,32.24634,-90.97942,4.1,32.4,511.0,JEFFREY G STOVER,,WDI4806,31.0
367702190,2020-01-01T17:12:52,32.24749,-90.97858,4.2,30.2,511.0,JEFFREY G STOVER,,WDI4806,31.0
367702190,2020-01-01T17:14:03,32.2487,-90.97773,4.5,31.1,511.0,JEFFREY G STOVER,,WDI4806,31.0
367702190,2020-01-01T17:15:13,32.24992,-90.97668,4.6,39.9,511.0,JEFFREY G STOVER,,WDI4806,31.0
367702190,2020-01-01T17:16:23,32.25108,-90.97567,4.4,33.1,511.0,JEFFREY G STOVER,,WDI4806,31.0
367702190,2020-01-01T17:17:33,32.25232,-90.9749,4.3,23.6,511.0,JEFFREY G STOVER,,WDI4806,31.0
367702190,2020-01-01T17:18:43,32.25366,-90.97435,4.3,16.3,511.0,JEFFREY G STOVER,,WDI4806,31.0
367702190,2020-01-01T17:19:53,32.25497,-90.97384,4.3,22.1,511.0,JEFFREY G STOVER,,WDI4806,31.0
367702190,2020-01-01T17:21:13,32.25648,-90.97308,4.4,24.1,511.0,JEFFREY G STOVER,,WDI4806,31.0
367702190,2020-01-01T17:22:24,32.25776,-90.97235,4.4,26.7,511.0,JEFFREY G STOVER,,WDI4806,31.0
367702190,2020-01-01T17:23:34,32.259,-90.97154,4.4,30.5,511.0,JEFFREY G STOVER,,WDI4806,31.0
367702190,2020-01-01T17:24:44,32.26022,-90.97066,4.3,32.0,511.0,JEFFREY G STOVER,,WDI4806,31.0
367702190,2020-01-01T17:25:53,32.26139,-90.9698,4.3,32.3,511.0,JEFFREY G STOVER,,WDI4806,31.0
367702190,2020-01-01T17:27:03,32.26254,-90.96883,4.3,34.9,511.0,JEFFREY G STOVER,,WDI4806,31.0
367702190,2020-01-01T17:28:12,32.2637,-90.96797,4.3,30.0,511.0,JEFFREY G STOVER,,WDI4806,31.0
367702190,2020-01-01T17:29:23,32.26494,-90.96715,4.3,26.6,511.0,JEFFREY G STOVER,,WDI4806,31.0
367702190,2020-01-01T17:30:34,32.26611,-90.96631,4.0,41.9,511.0,JEFFREY G STOVER,,WDI4806,31.0
367702190,2020-01-01T17:31:43,32.26693,-90.96514,4.1,48.9,511.0,JEFFREY G STOVER,,WDI4806,31.0
367702190,2020-01-01T17:32:53,32.26781,-90.96398,4.2,47.7,511.0,JEFFREY G STOVER,,WDI4806,31.0
367702190,2020-01-01T17:34:03,32.26868,-90.96273,4.2,56.3,511.0,JEFFREY G STOVER,,WDI4806,31.0
367702190,2020-01-01T17:35:14,32.26945,-90.96138,4.2,50.8,511.0,JEFFREY G STOVER,,WDI4806,31.0
367702190,2020-01-01T17:36:24,32.27036,-90.96013,4.2,49.3,511.0,JEFFREY G STOVER,,WDI4806,31.0
367702190,2020-01-01T17:37:33,32.27128,-90.95892,4.2,47.5,511.0,JEFFREY G STOVER,,WDI4806,31.0
367702190,2020-01-01T17:38:43,32.27227,-90.95786,4.2,36.3,511.0,JEFFREY G STOVER,,WDI4806,31.0
367702190,2020-01-01T17:39:53,32.27335,-90.95684,4.2,39.4,511.0,JEFFREY G STOVER,,WDI4806,31.0
367702190,2020-01-01T17:41:02,32.27437,-90.95581,4.2,41.5,511.0,JEFFREY G STOVER,,WDI4806,31.0
367702190,2020-01-01T17:42:14,32.27536,-90.95463,4.2,46.6,511.0,JEFFREY G STOVER,,WDI4806,31.0
367702190,2020-01-01T17:43:23,32.27631,-90.95346,4.2,45.7,511.0,JEFFREY G STOVER,,WDI4806,31.0
367702190,2020-01-01T17:44:24,32.27706,-90.95239,4.2,49.4,511.0,JEFFREY G STOVER,,WDI4806,31.0
367702190,2020-01-01T17:45:33,32.27801,-90.95127,4.2,44.6,511.0,JEFFREY G STOVER,,WDI4806,31.0
367702190,2020-01-01T17:46:42,32.27896,-90.95017,4.2,46.1,511.0,JEFFREY G STOVER,,WDI4806,31.0
367702190,2020-01-01T17:47:53,32.27992,-90.94899,4.2,44.5,511.0,JEFFREY G STOVER,,WDI4806,31.0
367702190,2020-01-01T17:49:03,32.28088,-90.94788,4.3,44.4,511.0,JEFFREY G STOVER,,WDI4806,31.0
367702190,2020-01-01T17:50:13,32.28187,-90.94675,4.3,44.1,511.0,JEFFREY G STOVER,,WDI4806,31.0
367702190,2020-01-01T17:51:22,32.28286,-90.94557,4.4,47.5,511.0,JEFFREY G STOVER,,WDI4806,31.0
367702190,2020-01-01T17:52:34,32.28382,-90.94431,4.4,48.0,511.0,JEFFREY G STOVER,,WDI4806,31.0
367702190,2020-01-01T17:53:43,32.28474,-90.94306,4.3,48.6,511.0,JEFFREY G STOVER,,WDI4806,31.0
367702190,2020-01-01T17:54:54,32.28567,-90.94181,4.3,48.4,511.0,JEFFREY G STOVER,,WDI4806,31.0
367702190,2020-01-01T17:56:03,32.28663,-90.94057,4.3,46.0,511.0,JEFFREY G STOVER,,WDI4806,31.0
367702190,2020-01-01T17:57:12,32.2876,-90.93944,4.3,43.5,511.0,JEFFREY G STOVER,,WDI4806,31.0
367702190,2020-01-01T17:58:22,32.28861,-90.93825,4.4,48.6,511.0,JEFFREY G STOVER,,WDI4806,31.0
367702190,2020-01-01T17:59:32,32.28958,-90.93699,4.5,48.6,511.0,JEFFREY G STOVER,,WDI4806,31.0
367702190,2020-01-01T18:00:03,32.28999,-90.9364,4.5,49.7,511.0,JEFFREY G STOVER,,WDI4806,31.0
367702190,2020-01-01T18:01:12,32.29095,-90.93516,4.4,49.2,511.0,JEFFREY G STOVER,,WDI4806,31.0
367702190,2020-01-01T18:02:23,32.29191,-90.93388,4.5,45.3,511.0,JEFFREY G STOVER,,WDI4806,31.0
367702190,2020-01-01T18:03:32,32.2929,-90.93265,4.5,46.3,511.0,JEFFREY G STOVER,,WDI4806,31.0
367702190,2020-01-01T18:04:33,32.29377,-90.93157,4.6,46.4,511.0,JEFFREY G STOVER,,WDI4806,31.0
367702190,2020-01-01T18:05:42,32.29479,-90.93028,4.6,47.8,511.0,JEFFREY G STOVER,,WDI4806,31.0
367702190,2020-01-01T18:06:43,32.29564,-90.92916,4.6,47.0,511.0,JEFFREY G STOVER,,WDI4806,31.0
367702190,2020-01-01T18:07:53,32.29668,-90.92788,4.6,47.5,511.0,JEFFREY G STOVER,,WDI4806,31.0
367702190,2020-01-01T18:09:03,32.29768,-90.92653,4.6,50.2,511.0,JEFFREY G STOVER,,WDI4806,31.0
367702190,2020-01-01T18:10:13,32.29865,-90.9252,4.6,48.4,511.0,JEFFREY G STOVER,,WDI4806,31.0
367702190,2020-01-01T18:11:14,32.29945,-90.92404,4.6,50.9,511.0,JEFFREY G STOVER,,WDI4806,31.0
367702190,2020-01-01T18:12:23,32.30038,-90.9227,4.6,52.6,511.0,JEFFREY G STOVER,,WDI4806,31.0
367702190,2020-01-01T18:13:24,32.30113,-90.92147,4.6,54.8,511.0,JEFFREY G STOVER,,WDI4806,31.0
367702190,2020-01-01T18:14:32,32.30198,-90.92011,4.4,52.1,511.0,JEFFREY G STOVER,,WDI4806,31.0
367702190,2020-01-01T18:15:43,32.30279,-90.91873,4.3,56.2,511.0,JEFFREY G STOVER,,WDI4806,31.0
367702190,2020-01-01T18:16:52,32.30356,-90.91742,4.2,56.1,511.0,JEFFREY G STOVER,,WDI4806,31.0
367702190,2020-01-01T18:18:02,32.30433,-90.91606,4.2,57.2,511.0,JEFFREY G STOVER,,WDI4806,31.0
367702190,2020-01-01T18:19:14,32.30508,-90.91471,4.1,55.5,511.0,JEFFREY G STOVER,,WDI4806,31.0
367702190,2020-01-01T18:20:24,32.30588,-90.91344,4.1,50.7,511.0,JEFFREY G STOVER,,WDI4806,31.0
367702190,2020-01-01T18:21:32,32.30667,-90.9122,4.2,53.9,511.0,JEFFREY G STOVER,,WDI4806,31.0
367702190,2020-01-01T18:22:44,32.30749,-90.91085,4.2,56.9,511.0,JEFFREY G STOVER,,WDI4806,31.0
367702190,2020-01-01T18:23:52,32.30833,-90.90974,3.8,39.1,511.0,JEFFREY G STOVER,,WDI4806,31.0
367702190,2020-01-01T18:25:04,32.30929,-90.90887,3.6,33.2,511.0,JEFFREY G STOVER,,WDI4806,31.0
367702190,2020-01-01T18:26:13,32.3103,-90.90812,3.7,30.7,511.0,JEFFREY G STOVER,,WDI4806,31.0
367702190,2020-01-01T18:27:23,32.31125,-90.90726,3.8,36.2,511.0,JEFFREY G STOVER,,WDI4806,31.0
367702190,2020-01-01T18:28:34,32.31231,-90.90639,3.9,42.4,511.0,JEFFREY G STOVER,,WDI4806,31.0
367702190,2020-01-01T18:29:43,32.31328,-90.90554,3.8,36.1,511.0,JEFFREY G STOVER,,WDI4806,31.0
367702190,2020-01-01T18:30:53,32.31428,-90.90468,3.2,28.7,511.0,JEFFREY G STOVER,,WDI4806,31.0
367702190,2020-01-01T18:32:03,32.31539,-90.90414,3.5,15.0,511.0,JEFFREY G STOVER,,WDI4806,31.0
367702190,2020-01-01T18:33:13,32.31652,-90.90384,3.8,14.4,511.0,JEFFREY G STOVER,,WDI4806,31.0
367702190,2020-01-01T18:34:22,32.31778,-90.90347,4.1,17.2,511.0,JEFFREY G STOVER,,WDI4806,31.0
367702190,2020-01-01T18:35:24,32.31888,-90.90288,4.4,26.5,511.0,JEFFREY G STOVER,,WDI4806,31.0
367702190,2020-01-01T18:36:33,32.32017,-90.90204,4.7,31.0,511.0,JEFFREY G STOVER,,WDI4806,31.0
367702190,2020-01-01T18:37:42,32.3215,-90.90112,4.7,28.0,511.0,JEFFREY G STOVER,,WDI4806,31.0
367702190,2020-01-01T18:38:53,32.32289,-90.9005,4.4,17.4,511.0,JEFFREY G STOVER,,WDI4806,31.0
367702190,2020-01-01T18:40:03,32.32428,-90.90007,4.2,5.7,511.0,JEFFREY G STOVER,,WDI4806,31.0
367702190,2020-01-01T18:41:13,32.32563,-90.9003,4.5,348.2,511.0,JEFFREY G STOVER,,WDI4806,31.0
367702190,2020-01-01T18:42:24,32.32713,-90.90045,4.9,2.9,511.0,JEFFREY G STOVER,,WDI4806,31.0
367702190,2020-01-01T18:43:33,32.32868,-90.90041,4.6,357.4,511.0,JEFFREY G STOVER,,WDI4806,31.0
367702190,2020-01-01T18:44:42,32.33002,-90.90079,4.1,332.2,511.0,JEFFREY G STOVER,,WDI4806,31.0
367702190,2020-01-01T18:45:53,32.33115,-90.9017,4.4,319.5,511.0,JEFFREY G STOVER,,WDI4806,31.0
367702190,2020-01-01T18:47:03,32.33223,-90.90287,4.7,318.3,511.0,JEFFREY G STOVER,,WDI4806,31.0
367702190,2020-01-01T18:48:13,32.33336,-90.90417,4.8,313.5,511.0,JEFFREY G STOVER,,WDI4806,31.0
367702190,2020-01-01T18:49:23,32.33437,-90.90532,3.9,320.1,511.0,JEFFREY G STOVER,,WDI4806,31.0
367702190,2020-01-01T18:50:33,32.33523,-90.90621,3.1,315.6,511.0,JEFFREY G STOVER,,WDI4806,31.0
367702190,2020-01-01T18:51:43,32.33586,-90.90701,2.7,312.0,511.0,JEFFREY G STOVER,,WDI4806,31.0
367702190,2020-01-01T18:52:53,32.3364,-90.90774,2.4,309.1,511.0,JEFFREY G STOVER,,WDI4806,31.0
367702190,2020-01-01T18:54:03,32.33683,-90.90843,2.3,303.8,511.0,JEFFREY G STOVER,,WDI4806,31.0
367702190,2020-01-01T18:55:14,32.33723,-90.90915,2.2,303.2,511.0,JEFFREY G STOVER,,WDI4806,31.0
367702190,2020-01-01T18:56:22,32.3376,-90.90987,2.2,296.5,511.0,JEFFREY G STOVER,,WDI4806,31.0
367702190,2020-01-01T18:57:23,32.33792,-90.91043,2.2,308.8,511.0,JEFFREY G STOVER,,WDI4806,31.0
367702190,2020-01-01T18:58:32,32.33841,-90.91112,2.5,299.8,511.0,JEFFREY G STOVER,,WDI4806,31.0
367702190,2020-01-01T18:59:43,32.33871,-90.91211,3.0,285.8,511.0,JEFFREY G STOVER,,WDI4806,31.0
367702190,2020-01-01T19:00:02,32.33879,-90.91244,3.1,284.6,511.0,JEFFREY G STOVER,,WDI4806,31.0
367702190,2020-01-01T19:01:13,32.33906,-90.91367,3.4,284.6,511.0,JEFFREY G STOVER,,WDI4806,31.0
367702190,2020-01-01T19:02:24,32.33943,-90.91491,3.5,294.0,511.0,JEFFREY G STOVER,,WDI4806,31.0
367702190,2020-01-01T19:03:32,32.34002,-90.91605,3.6,306.3,511.0,JEFFREY G STOVER,,WDI4806,31.0
367702190,2020-01-01T19:04:43,32.34056,-90.91719,3.3,288.0,511.0,JEFFREY G STOVER,,WDI4806,31.0
367702190,2020-01-01T19:05:53,32.34078,-90.91844,3.4,276.0,511.0,JEFFREY G STOVER,,WDI4806,31.0
367702190,2020-01-01T19:07:02,32.34095,-90.91976,3.5,280.0,511.0,JEFFREY G STOVER,,WDI4806,31.0
367702190,2020-01-01T19:08:03,32.34112,-90.92088,3.5,282.6,511.0,JEFFREY G STOVER,,WDI4806,31.0
367702190,2020-01-01T19:09:14,32.3415,-90.92221,3.6,292.6,511.0,JEFFREY G STOVER,,WDI4806,31.0
367702190,2020-01-01T19:10:23,32.34183,-90.92347,3.5,280.0,511.0,JEFFREY G STOVER,,WDI4806,31.0
367702190,2020-01-01T19:11:33,32.34199,-90.92483,3.6,280.6,511.0,JEFFREY G STOVER,,WDI4806,31.0
367702190,2020-01-01T19:12:44,32.34223,-90.92614,3.6,282.6,511.0,JEFFREY G STOVER,,WDI4806,31.0
367702190,2020-01-01T19:13:52,32.34252,-90.92745,3.6,287.7,511.0,JEFFREY G STOVER,,WDI4806,31.0
367702190,2020-01-01T19:15:14,32.34287,-90.929,3.6,275.7,511.0,JEFFREY G STOVER,,WDI4806,31.0
367702190,2020-01-01T19:16:24,32.34298,-90.93039,3.7,279.8,511.0,JEFFREY G STOVER,,WDI4806,31.0
367702190,2020-01-01T19:17:33,32.34318,-90.93172,3.6,280.8,511.0,JEFFREY G STOVER,,WDI4806,31.0
367702190,2020-01-01T19:18:42,32.34344,-90.93308,3.6,284.4,511.0,JEFFREY G STOVER,,WDI4806,31.0
367702190,2020-01-01T19:19:43,32.34365,-90.93428,3.9,283.4,511.0,JEFFREY G STOVER,,WDI4806,31.0
367702190,2020-01-01T19:20:53,32.34393,-90.93582,4.2,278.8,511.0,JEFFREY G STOVER,,WDI4806,31.0
367702190,2020-01-01T19:22:03,32.34413,-90.93748,4.4,276.7,511.0,JEFFREY G STOVER,,WDI4806,31.0
367702190,2020-01-01T19:23:12,32.34437,-90.93913,4.6,281.5,511.0,JEFFREY G STOVER,,WDI4806,31.0
367702190,2020-01-01T19:24:13,32.3446,-90.94052,3.9,282.3,511.0,JEFFREY G STOVER,,WDI4806,31.0
367702190,2020-01-01T19:25:22,32.34488,-90.94176,3.2,282.6,511.0,JEFFREY G STOVER,,WDI4806,31.0
367702190,2020-01-01T19:26:34,32.34506,-90.94294,2.9,280.0,511.0,JEFFREY G STOVER,,WDI4806,31.0
367702190,2020-01-01T19:27:43,32.34524,-90.94403,2.9,278.8,511.0,JEFFREY G STOVER,,WDI4806,31.0
367702190,2020-01-01T19:28:52,32.34544,-90.94508,2.8,278.6,511.0,JEFFREY G STOVER,,WDI4806,31.0
367702190,2020-01-01T19:30:03,32.34547,-90.94617,2.9,270.7,511.0,JEFFREY G STOVER,,WDI4806,31.0
367702190,2020-01-01T19:31:12,32.3455,-90.94724,2.9,272.2,511.0,JEFFREY G STOVER,,WDI4806,31.0
367702190,2020-01-01T19:32:22,32.34563,-90.94833,2.9,277.2,511.0,JEFFREY G STOVER,,WDI4806,31.0
367702190,2020-01-01T19:33:32,32.34576,-90.94943,2.8,282.3,511.0,JEFFREY G STOVER,,WDI4806,31.0
367702190,2020-01-01T19:34:43,32.34598,-90.95049,2.8,289.5,511.0,JEFFREY G STOVER,,WDI4806,31.0
367702190,2020-01-01T19:35:54,32.34633,-90.95151,2.8,290.6,511.0,JEFFREY G STOVER,,WDI4806,31.0
367702190,2020-01-01T19:37:02,32.34664,-90.95248,2.9,286.6,511.0,JEFFREY G STOVER,,WDI4806,31.0
367702190,2020-01-01T19:38:03,32.34685,-90.95338,2.9,287.7,511.0,JEFFREY G STOVER,,WDI4806,31.0
367702190,2020-01-01T19:39:14,32.34718,-90.95445,3.0,295.7,511.0,JEFFREY G STOVER,,WDI4806,31.0
367702190,2020-01-01T19:40:23,32.34771,-90.95543,3.1,300.8,511.0,JEFFREY G STOVER,,WDI4806,31.0
367702190,2020-01-01T19:41:33,32.34819,-90.95638,2.6,295.9,511.0,JEFFREY G STOVER,,WDI4806,31.0
367702190,2020-01-01T19:42:43,32.34858,-90.95727,2.6,301.4,511.0,JEFFREY G STOVER,,WDI4806,31.0
367702190,2020-01-01T19:43:52,32.34904,-90.95807,2.6,298.5,511.0,JEFFREY G STOVER,,WDI4806,31.0
367702190,2020-01-01T19:45:04,32.34933,-90.95903,2.5,280.1,511.0,JEFFREY G STOVER,,WDI4806,31.0
367702190,2020-01-01T19:46:14,32.3493,-90.95997,2.5,263.8,511.0,JEFFREY G STOVER,,WDI4806,31.0
367702190,2020-01-01T19:47:23,32.34929,-90.96092,2.5,275.8,511.0,JEFFREY G STOVER,,WDI4806,31.0
367702190,2020-01-01T19:48:33,32.34938,-90.96191,2.5,276.4,511.0,JEFFREY G STOVER,,WDI4806,31.0
367702190,2020-01-01T19:49:42,32.34953,-90.96286,2.6,281.2,511.0,JEFFREY G STOVER,,WDI4806,31.0
367702190,2020-01-01T19:50:52,32.34971,-90.96384,2.7,281.2,511.0,JEFFREY G STOVER,,WDI4806,31.0
367702190,2020-01-01T19:52:04,32.34982,-90.96488,2.8,279.6,511.0,JEFFREY G STOVER,,WDI4806,31.0
367702190,2020-01-01T19:53:14,32.34987,-90.96602,3.2,268.3,511.0,JEFFREY G STOVER,,WDI4806,31.0
367702190,2020-01-01T19:54:24,32.34996,-90.96737,3.9,277.0,511.0,JEFFREY G STOVER,,WDI4806,31.0
367702190,2020-01-01T19:55:33,32.35,-90.9689,4.3,270.5,511.0,JEFFREY G STOVER,,WDI4806,31.0
367702190,2020-01-01T19:56:42,32.35007,-90.97053,4.4,275.0,511.0,JEFFREY G STOVER,,WDI4806,31.0
367702190,2020-01-01T19:57:53,32.35026,-90.97226,4.5,278.4,511.0,JEFFREY G STOVER,,WDI4806,31.0
367702190,2020-01-01T19:59:03,32.35053,-90.97403,4.8,279.6,511.0,JEFFREY G STOVER,,WDI4806,31.0
367702190,2020-01-01T20:00:03,32.35063,-90.9756,4.8,273.6,511.0,JEFFREY G STOVER,,WDI4806,31.0
367702190,2020-01-01T20:01:14,32.35071,-90.97739,4.5,271.2,511.0,JEFFREY G STOVER,,WDI4806,31.0
367702190,2020-01-01T20:02:24,32.35093,-90.97902,4.2,286.1,511.0,JEFFREY G STOVER,,WDI4806,31.0
367702190,2020-01-01T20:03:33,32.35124,-90.98054,4.0,283.1,511.0,JEFFREY G STOVER,,WDI4806,31.0
367702190,2020-01-01T20:04:43,32.35146,-90.98201,4.0,274.0,511.0,JEFFREY G STOVER,,WDI4806,31.0
367702190,2020-01-01T20:05:54,32.35149,-90.98353,4.1,266.5,511.0,JEFFREY G STOVER,,WDI4806,31.0
367702190,2020-01-01T20:07:04,32.35159,-90.98504,3.8,285.4,511.0,JEFFREY G STOVER,,WDI4806,31.0
367702190,2020-01-01T20:08:13,32.352,-90.98633,3.6,291.9,511.0,JEFFREY G STOVER,,WDI4806,31.0
367702190,2020-01-01T20:09:24,32.35245,-90.98761,3.9,294.0,511.0,JEFFREY G STOVER,,WDI4806,31.0
367702190,2020-01-01T20:10:33,32.353,-90.98905,4.4,289.6,511.0,JEFFREY G STOVER,,WDI4806,31.0
367702190,2020-01-01T20:11:43,32.35334,-90.99075,4.7,275.9,511.0,JEFFREY G STOVER,,WDI4806,31.0
367702190,2020-01-01T20:12:53,32.35346,-90.9926,4.8,277.1,511.0,JEFFREY G STOVER,,WDI4806,31.0
367702190,2020-01-01T20:13:54,32.35372,-90.99404,4.1,286.9,511.0,JEFFREY G STOVER,,WDI4806,31.0
367702190,2020-01-01T20:15:04,32.35407,-90.99547,3.7,288.4,511.0,JEFFREY G STOVER,,WDI4806,31.0
367702190,2020-01-01T20:16:13,32.35449,-90.99674,3.4,295.9,511.0,JEFFREY G STOVER,,WDI4806,31.0
367702190,2020-01-01T20:17:14,32.35481,-90.99778,3.4,281.2,511.0,JEFFREY G STOVER,,WDI4806,31.0
367702190,2020-01-01T20:18:23,32.35521,-90.99886,3.0,304.1,511.0,JEFFREY G STOVER,,WDI4806,31.0
367702190,2020-01-01T20:19:32,32.35583,-90.99969,3.0,307.6,511.0,JEFFREY G STOVER,,WDI4806,31.0
367702190,2020-01-01T20:20:43,32.35635,-91.00076,3.3,300.7,511.0,JEFFREY G STOVER,,WDI4806,31.0
367702190,2020-01-01T20:21:53,32.35699,-91.00176,3.4,316.2,511.0,JEFFREY G STOVER,,WDI4806,31.0
367702190,2020-01-01T20:23:03,32.35786,-91.00275,3.9,318.6,511.0,JEFFREY G STOVER,,WDI4806,31.0
367702190,2020-01-01T20:24:13,32.35897,-91.00364,4.4,325.8,511.0,JEFFREY G STOVER,,WDI4806,31.0
367702190,2020-01-01T20:25:23,32.36033,-91.00444,5.0,335.1,511.0,JEFFREY G STOVER,,WDI4806,31.0
367702190,2020-01-01T20:26:24,32.36171,-91.00505,5.4,342.6,511.0,JEFFREY G STOVER,,WDI4806,31.0
367702190,2020-01-01T20:27:32,32.36348,-91.0055,5.9,351.1,511.0,JEFFREY G STOVER,,WDI4806,31.0
367702190,2020-01-01T20:28:44,32.3655,-91.00574,6.4,350.4,511.0,JEFFREY G STOVER,,WDI4806,31.0
367702190,2020-01-01T20:29:53,32.36754,-91.00565,6.6,12.5,511.0,JEFFREY G STOVER,,WDI4806,31.0
367702190,2020-01-01T20:31:03,32.36967,-91.00525,6.6,6.4,511.0,JEFFREY G STOVER,,WDI4806,31.0
367702190,2020-01-01T20:32:14,32.37166,-91.00463,6.0,23.6,511.0,JEFFREY G STOVER,,WDI4806,31.0
367702190,2020-01-01T20:33:23,32.37331,-91.00383,5.3,17.7,511.0,JEFFREY G STOVER,,WDI4806,31.0
367702190,2020-01-01T20:34:32,32.37488,-91.00321,4.9,23.8,511.0,JEFFREY G STOVER,,WDI4806,31.0
367702190,2020-01-01T20:35:33,32.3761,-91.00246,4.8,27.3,511.0,JEFFREY G STOVER,,WDI4806,31.0
367702190,2020-01-01T20:36:44,32.37745,-91.00163,4.5,29.9,511.0,JEFFREY G STOVER,,WDI4806,31.0
367702190,2020-01-01T20:37:53,32.37872,-91.00095,4.2,19.0,511.0,JEFFREY G STOVER,,WDI4806,31.0
367702190,2020-01-01T20:39:03,32.38001,-91.00047,4.2,21.2,511.0,JEFFREY G STOVER,,WDI4806,31.0
367702190,2020-01-01T20:40:13,32.38131,-90.99993,4.3,21.8,511.0,JEFFREY G STOVER,,WDI4806,31.0
367702190,2020-01-01T20:41:23,32.38266,-90.99935,4.5,18.6,511.0,JEFFREY G STOVER,,WDI4806,31.0
367702190,2020-01-01T20:42:32,32.38402,-90.99866,4.7,29.6,511.0,JEFFREY G STOVER,,WDI4806,31.0
367702190,2020-01-01T20:43:33,32.38511,-90.99781,4.7,34.1,511.0,JEFFREY G STOVER,,WDI4806,31.0
367702190,2020-01-01T20:44:43,32.38638,-90.9969,4.4,26.4,511.0,JEFFREY G STOVER,,WDI4806,31.0
367702190,2020-01-01T20:45:44,32.38748,-90.99621,4.3,26.6,511.0,JEFFREY G STOVER,,WDI4806,31.0
367702190,2020-01-01T20:46:53,32.38872,-90.99549,4.4,24.1,511.0,JEFFREY G STOVER,,WDI4806,31.0
367702190,2020-01-01T20:48:02,32.38999,-90.99481,4.4,25.6,511.0,JEFFREY G STOVER,,WDI4806,31.0
367702190,2020-01-01T20:49:03,32.39112,-90.99418,4.3,25.9,511.0,JEFFREY G STOVER,,WDI4806,31.0
367702190,2020-01-01T20:50:13,32.39231,-90.99333,4.4,33.1,511.0,JEFFREY G STOVER,,WDI4806,31.0
367702190,2020-01-01T20:51:23,32.39347,-90.99238,4.3,34.8,511.0,JEFFREY G STOVER,,WDI4806,31.0
367702190,2020-01-01T20:52:32,32.39459,-90.99156,3.8,25.3,511.0,JEFFREY G STOVER,,WDI4806,31.0
367702190,2020-01-01T20:53:44,32.3957,-90.99103,3.5,19.4,511.0,JEFFREY G STOVER,,WDI4806,31.0
367702190,2020-01-01T20:54:52,32.39674,-90.99057,3.4,16.5,511.0,JEFFREY G STOVER,,WDI4806,31.0
367702190,2020-01-01T20:56:03,32.39782,-90.99023,3.4,15.8,511.0,JEFFREY G STOVER,,WDI4806,31.0
367702190,2020-01-01T20:57:13,32.39889,-90.98987,3.5,21.0,511.0,JEFFREY G STOVER,,WDI4806,31.0
367702190,2020-01-01T20:58:22,32.39997,-90.98949,3.5,13.1,511.0,JEFFREY G STOVER,,WDI4806,31.0
367702190,2020-01-01T20:59:23,32.40092,-90.98924,3.5,14.4,511.0,JEFFREY G STOVER,,WDI4806,31.0
367702190,2020-01-01T21:00:04,32.40157,-90.98908,3.4,5.4,511.0,JEFFREY G STOVER,,WDI4806,31.0
367702190,2020-01-01T21:01:13,32.40265,-90.98904,3.4,0.9,511.0,JEFFREY G STOVER,,WDI4806,31.0
367702190,2020-01-01T21:02:23,32.40378,-90.98906,3.6,359.8,511.0,JEFFREY G STOVER,,WDI4806,31.0
367702190,2020-01-01T21:03:33,32.40498,-90.98893,3.7,4.6,511.0,JEFFREY G STOVER,,WDI4806,31.0
367702190,2020-01-01T21:04:43,32.40619,-90.98893,4.1,11.8,511.0,JEFFREY G STOVER,,WDI4806,31.0
367702190,2020-01-01T21:05:54,32.40748,-90.98867,3.8,359.4,511.0,JEFFREY G STOVER,,WDI4806,31.0
367702190,2020-01-01T21:07:02,32.40866,-90.98892,3.8,340.1,511.0,JEFFREY G STOVER,,WDI4806,31.0
367702190,2020-01-01T21:08:12,32.40984,-90.98952,4.2,340.2,511.0,JEFFREY G STOVER,,WDI4806,31.0
367702190,2020-01-01T21:09:24,32.41109,-90.99037,4.6,326.9,511.0,JEFFREY G STOVER,,WDI4806,31.0
367702190,2020-01-01T21:10:33,32.4123,-90.99142,4.7,318.3,511.0,JEFFREY G STOVER,,WDI4806,31.0
367702190,2020-01-01T21:11:34,32.41327,-90.99244,4.7,317.9,511.0,JEFFREY G STOVER,,WDI4806,31.0
367702190,2020-01-01T21:12:43,32.41435,-90.99363,4.6,318.2,511.0,JEFFREY G STOVER,,WDI4806,31.0
367702190,2020-01-01T21:13:52,32.41543,-90.99474,4.4,322.5,511.0,JEFFREY G STOVER,,WDI4806,31.0
367702190,2020-01-01T21:15:03,32.41654,-90.9959,4.4,318.5,511.0,JEFFREY G STOVER,,WDI4806,31.0
367702190,2020-01-01T21:16:13,32.41768,-90.99693,4.4,321.5,511.0,JEFFREY G STOVER,,WDI4806,31.0
367702190,2020-01-01T21:17:14,32.41853,-90.99792,4.3,311.6,511.0,JEFFREY G STOVER,,WDI4806,31.0
367702190,2020-01-01T21:18:23,32.4195,-90.99911,4.4,321.8,511.0,JEFFREY G STOVER,,WDI4806,31.0
367702190,2020-01-01T21:19:34,32.42067,-91.00009,4.3,317.7,511.0,JEFFREY G STOVER,,WDI4806,31.0
367702190,2020-01-01T21:20:43,32.4216,-91.00122,4.2,306.9,511.0,JEFFREY G STOVER,,WDI4806,31.0
367702190,2020-01-01T21:21:54,32.42231,-91.00261,4.2,302.2,511.0,JEFFREY G STOVER,,WDI4806,31.0
367702190,2020-01-01T21:23:04,32.42305,-91.00398,4.3,302.5,511.0,JEFFREY G STOVER,,WDI4806,31.0
367702190,2020-01-01T21:24:12,32.42379,-91.00534,4.4,305.3,511.0,JEFFREY G STOVER,,WDI4806,31.0
367702190,2020-01-01T21:25:23,32.42473,-91.00669,4.5,312.7,511.0,JEFFREY G STOVER,,WDI4806,31.0
367702190,2020-01-01T21:26:34,32.42574,-91.00797,4.5,311.2,511.0,JEFFREY G STOVER,,WDI4806,31.0
367702190,2020-01-01T21:27:44,32.42655,-91.0094,4.4,298.2,511.0,JEFFREY G STOVER,,WDI4806,31.0
367702190,2020-01-01T21:28:53,32.42716,-91.01089,4.5,297.1,511.0,JEFFREY G STOVER,,WDI4806,31.0
367702190,2020-01-01T21:30:04,32.42788,-91.01244,4.6,297.9,511.0,JEFFREY G STOVER,,WDI4806,31.0
367702190,2020-01-01T21:31:14,32.4285,-91.01402,4.6,288.1,511.0,JEFFREY G STOVER,,WDI4806,31.0
367702190,2020-01-01T21:32:23,32.429,-91.01561,4.6,292.1,511.0,JEFFREY G STOVER,,WDI4806,31.0
367702190,2020-01-01T21:33:32,32.42953,-91.01723,4.5,288.8,511.0,JEFFREY G STOVER,,WDI4806,31.0
367702190,2020-01-01T21:34:43,32.43004,-91.01886,4.5,294.5,511.0,JEFFREY G STOVER,,WDI4806,31.0
367702190,2020-01-01T21:35:52,32.43062,-91.02042,4.4,288.9,511.0,JEFFREY G STOVER,,WDI4806,31.0
367702190,2020-01-01T21:37:04,32.43107,-91.02205,4.4,287.5,511.0,JEFFREY G STOVER,,WDI4806,31.0
367702190,2020-01-01T21:38:14,32.43152,-91.02365,4.4,290.0,511.0,JEFFREY G STOVER,,WDI4806,31.0
367702190,2020-01-01T21:39:23,32.43193,-91.02524,4.3,283.1,511.0,JEFFREY G STOVER,,WDI4806,31.0
367702190,2020-01-01T21:40:32,32.43226,-91.02686,4.3,284.9,511.0,JEFFREY G STOVER,,WDI4806,31.0
367702190,2020-01-01T21:41:33,32.43259,-91.0282,4.3,286.3,511.0,JEFFREY G STOVER,,WDI4806,31.0
367702190,2020-01-01T21:42:44,32.433,-91.02975,4.3,288.3,511.0,JEFFREY G STOVER,,WDI4806,31.0
367702190,2020-01-01T21:43:53,32.43348,-91.03127,4.3,289.2,511.0,JEFFREY G STOVER,,WDI4806,31.0
367702190,2020-01-01T21:45:04,32.43399,-91.0328,4.3,293.2,511.0,JEFFREY G STOVER,,WDI4806,31.0
367702190,2020-01-01T21:46:13,32.43446,-91.03432,4.3,289.3,511.0,JEFFREY G STOVER,,WDI4806,31.0
367702190,2020-01-01T21:47:23,32.43489,-91.03584,4.2,288.5,511.0,JEFFREY G STOVER,,WDI4806,31.0
367702190,2020-01-01T21:48:34,32.4354,-91.0374,4.3,293.3,511.0,JEFFREY G STOVER,,WDI4806,31.0
367702190,2020-01-01T21:49:43,32.43594,-91.03888,4.4,293.2,511.0,JEFFREY G STOVER,,WDI4806,31.0
367702190,2020-01-01T21:50:52,32.43645,-91.04043,4.4,288.9,511.0,JEFFREY G STOVER,,WDI4806,31.0
367702190,2020-01-01T21:51:53,32.43685,-91.04181,4.4,288.8,511.0,JEFFREY G STOVER,,WDI4806,31.0
367702190,2020-01-01T21:53:04,32.4374,-91.04344,4.5,292.3,511.0,JEFFREY G STOVER,,WDI4806,31.0
367702190,2020-01-01T21:54:12,32.43791,-91.04501,4.6,290.5,511.0,JEFFREY G STOVER,,WDI4806,31.0
367702190,2020-01-01T21:55:23,32.43836,-91.04675,4.6,286.5,511.0,JEFFREY G STOVER,,WDI4806,31.0
367702190,2020-01-01T21:56:34,32.43881,-91.04844,4.6,290.1,511.0,JEFFREY G STOVER,,WDI4806,31.0
367702190,2020-01-01T21:57:43,32.43925,-91.05011,4.7,285.0,511.0,JEFFREY G STOVER,,WDI4806,31.0
367702190,2020-01-01T21:58:53,32.43949,-91.05186,4.7,280.9,511.0,JEFFREY G STOVER,,WDI4806,31.0
367702190,2020-01-01T22:00:03,32.44002,-91.05354,4.6,290.6,511.0,JEFFREY G STOVER,,WDI4806,31.0
367702190,2020-01-01T22:01:04,32.44034,-91.05499,4.6,284.7,511.0,JEFFREY G STOVER,,WDI4806,31.0
367702190,2020-01-01T22:02:14,32.44065,-91.05668,4.6,279.6,511.0,JEFFREY G STOVER,,WDI4806,31.0
367702190,2020-01-01T22:03:23,32.44098,-91.05837,4.5,285.4,511.0,JEFFREY G STOVER,,WDI4806,31.0
367702190,2020-01-01T22:04:32,32.44145,-91.06,4.4,287.3,511.0,JEFFREY G STOVER,,WDI4806,31.0
367702190,2020-01-01T22:05:42,32.44185,-91.0616,4.4,290.4,511.0,JEFFREY G STOVER,,WDI4806,31.0
367702190,2020-01-01T22:06:54,32.4424,-91.06319,4.3,293.7,511.0,JEFFREY G STOVER,,WDI4806,31.0
367702190,2020-01-01T22:08:02,32.44281,-91.06469,4.2,285.9,511.0,JEFFREY G STOVER,,WDI4806,31.0
367702190,2020-01-01T22:09:13,32.44331,-91.06617,4.1,296.9,511.0,JEFFREY G STOVER,,WDI4806,31.0
367702190,2020-01-01T22:10:23,32.44393,-91.06761,4.2,301.0,511.0,JEFFREY G STOVER,,WDI4806,31.0
367702190,2020-01-01T22:11:32,32.44474,-91.06896,4.4,308.2,511.0,JEFFREY G STOVER,,WDI4806,31.0
367702190,2020-01-01T22:12:44,32.44564,-91.07031,4.5,306.1,511.0,JEFFREY G STOVER,,WDI4806,31.0
367702190,2020-01-01T22:13:54,32.44644,-91.0717,4.4,298.9,511.0,JEFFREY G STOVER,,WDI4806,31.0
367702190,2020-01-01T22:15:04,32.44704,-91.07318,4.4,292.7,511.0,JEFFREY G STOVER,,WDI4806,31.0
367702190,2020-01-01T22:16:12,32.44767,-91.07474,4.4,298.2,511.0,JEFFREY G STOVER,,WDI4806,31.0
367702190,2020-01-01T22:17:13,32.44828,-91.076,4.4,300.4,511.0,JEFFREY G STOVER,,WDI4806,31.0
367702190,2020-01-01T22:18:22,32.44888,-91.07745,4.4,293.7,511.0,JEFFREY G STOVER,,WDI4806,31.0
367702190,2020-01-01T22:19:23,32.44944,-91.07873,4.4,305.8,511.0,JEFFREY G STOVER,,WDI4806,31.0
367702190,2020-01-01T22:20:33,32.4503,-91.08008,4.5,305.6,511.0,JEFFREY G STOVER,,WDI4806,31.0
367702190,2020-01-01T22:21:43,32.45123,-91.08143,4.5,312.2,511.0,JEFFREY G STOVER,,WDI4806,31.0
367702190,2020-01-01T22:22:54,32.45218,-91.0828,4.6,306.1,511.0,JEFFREY G STOVER,,WDI4806,31.0
367702190,2020-01-01T22:24:03,32.45307,-91.08416,4.6,306.0,511.0,JEFFREY G STOVER,,WDI4806,31.0
367702190,2020-01-01T22:25:14,32.45382,-91.08569,4.6,297.6,511.0,JEFFREY G STOVER,,WDI4806,31.0
367702190,2020-01-01T22:26:22,32.45456,-91.08718,4.5,302.7,511.0,JEFFREY G STOVER,,WDI4806,31.0
367702190,2020-01-01T22:27:33,32.45543,-91.08858,4.5,308.4,511.0,JEFFREY G STOVER,,WDI4806,31.0
367702190,2020-01-01T22:28:42,32.45632,-91.08992,4.5,304.2,511.0,JEFFREY G STOVER,,WDI4806,31.0
367702190,2020-01-01T22:29:53,32.45706,-91.09141,4.4,301.7,511.0,JEFFREY G STOVER,,WDI4806,31.0
367702190,2020-01-01T22:31:03,32.4579,-91.09275,4.2,314.1,511.0,JEFFREY G STOVER,,WDI4806,31.0
367702190,2020-01-01T22:32:04,32.45882,-91.09357,4.1,326.9,511.0,JEFFREY G STOVER,,WDI4806,31.0
367702190,2020-01-01T22:33:13,32.4599,-91.09449,4.1,324.4,511.0,JEFFREY G STOVER,,WDI4806,31.0
367702190,2020-01-01T22:34:22,32.46097,-91.09537,4.2,323.9,511.0,JEFFREY G STOVER,,WDI4806,31.0
367702190,2020-01-01T22:35:34,32.462,-91.09645,4.1,315.4,511.0,JEFFREY G STOVER,,WDI4806,31.0
367702190,2020-01-01T22:36:43,32.46297,-91.09752,4.1,320.4,511.0,JEFFREY G STOVER,,WDI4806,31.0
367702190,2020-01-01T22:37:44,32.4639,-91.09839,4.2,322.5,511.0,JEFFREY G STOVER,,WDI4806,31.0
367702190,2020-01-01T22:38:53,32.46505,-91.09931,4.4,325.4,511.0,JEFFREY G STOVER,,WDI4806,31.0
367702190,2020-01-01T22:40:03,32.46616,-91.10032,4.5,318.4,511.0,JEFFREY G STOVER,,WDI4806,31.0
367702190,2020-01-01T22:41:14,32.46719,-91.10162,4.4,310.0,511.0,JEFFREY G STOVER,,WDI4806,31.0
367702190,2020-01-01T22:42:23,32.46815,-91.10283,4.2,319.4,511.0,JEFFREY G STOVER,,WDI4806,31.0
367702190,2020-01-01T22:43:24,32.46909,-91.10366,4.2,322.3,511.0,JEFFREY G STOVER,,WDI4806,31.0
367702190,2020-01-01T22:44:33,32.47014,-91.10469,4.2,320.0,511.0,JEFFREY G STOVER,,WDI4806,31.0
367702190,2020-01-01T22:45:43,32.47118,-91.10566,4.1,324.8,511.0,JEFFREY G STOVER,,WDI4806,31.0
367702190,2020-01-01T22:46:53,32.47238,-91.10652,4.2,331.5,511.0,JEFFREY G STOVER,,WDI4806,31.0
367702190,2020-01-01T22:47:54,32.47344,-91.10711,4.3,333.9,511.0,JEFFREY G STOVER,,WDI4806,31.0
367702190,2020-01-01T22:49:03,32.47463,-91.10792,4.2,324.5,511.0,JEFFREY G STOVER,,WDI4806,31.0
367702190,2020-01-01T22:50:04,32.4756,-91.10874,4.3,326.5,511.0,JEFFREY G STOVER,,WDI4806,31.0
367702190,2020-01-01T22:51:12,32.47675,-91.10959,4.3,328.6,511.0,JEFFREY G STOVER,,WDI4806,31.0
367702190,2020-01-01T22:52:23,32.47805,-91.11035,4.3,337.4,511.0,JEFFREY G STOVER,,WDI4806,31.0
367702190,2020-01-01T22:53:34,32.47935,-91.11091,4.3,341.3,511.0,JEFFREY G STOVER,,WDI4806,31.0
367702190,2020-01-01T22:54:43,32.48072,-91.11137,4.5,344.8,511.0,JEFFREY G STOVER,,WDI4806,31.0
367702190,2020-01-01T22:55:53,32.48215,-91.11182,4.5,344.3,511.0,JEFFREY G STOVER,,WDI4806,31.0
367702190,2020-01-01T22:57:02,32.48347,-91.11243,4.5,332.6,511.0,JEFFREY G STOVER,,WDI4806,31.0
367702190,2020-01-01T22:58:13,32.48475,-91.11321,4.4,331.8,511.0,JEFFREY G STOVER,,WDI4806,31.0
367702190,2020-01-01T22:59:24,32.48601,-91.11398,4.2,331.7,511.0,JEFFREY G STOVER,,WDI4806,31.0
367702190,2020-01-01T23:00:03,32.48669,-91.11439,4.0,334.1,511.0,JEFFREY G STOVER,,WDI4806,31.0
367702190,2020-01-01T23:01:14,32.48783,-91.11503,3.8,337.8,511.0,JEFFREY G STOVER,,WDI4806,31.0
367702190,2020-01-01T23:02:24,32.489,-91.11542,3.8,347.9,511.0,JEFFREY G STOVER,,WDI4806,31.0
367702190,2020-01-01T23:03:33,32.49019,-91.11581,3.9,342.2,511.0,JEFFREY G STOVER,,WDI4806,31.0
367702190,2020-01-01T23:04:43,32.49145,-91.11629,4.4,338.9,511.0,JEFFREY G STOVER,,WDI4806,31.0
367702190,2020-01-01T23:05:53,32.49293,-91.11696,5.1,340.7,511.0,JEFFREY G STOVER,,WDI4806,31.0
367702190,2020-01-01T23:07:02,32.49459,-91.11758,5.4,352.8,511.0,JEFFREY G STOVER,,WDI4806,31.0
367702190,2020-01-01T23:08:04,32.49613,-91.11755,5.7,5.7,511.0,JEFFREY G STOVER,,WDI4806,31.0
367702190,2020-01-01T23:09:12,32.49804,-91.11725,6.2,9.1,511.0,JEFFREY G STOVER,,WDI4806,31.0
367702190,2020-01-01T23:10:32,32.50027,-91.11644,6.4,24.1,511.0,JEFFREY G STOVER,,WDI4806,31.0
367702190,2020-01-01T23:11:43,32.50226,-91.11543,6.4,24.5,511.0,JEFFREY G STOVER,,WDI4806,31.0
367702190,2020-01-01T23:13:04,32.50431,-91.11421,6.0,27.4,511.0,JEFFREY G STOVER,,WDI4806,31.0
367702190,2020-01-01T23:14:13,32.50606,-91.11333,5.6,21.1,511.0,JEFFREY G STOVER,,WDI4806,31.0
367702190,2020-01-01T23:16:14,32.50873,-91.11188,5.0,32.2,511.0,JEFFREY G STOVER,,WDI4806,31.0
367702190,2020-01-01T23:17:43,32.51036,-91.11059,4.4,30.6,511.0,JEFFREY G STOVER,,WDI4806,31.0
367702190,2020-01-01T23:19:42,32.51232,-91.1093,3.8,26.5,511.0,JEFFREY G STOVER,,WDI4806,31.0
367702190,2020-01-01T23:20:53,32.51345,-91.10869,3.7,23.1,511.0,JEFFREY G STOVER,,WDI4806,31.0
367702190,2020-01-01T23:22:42,32.51521,-91.10791,3.8,25.3,511.0,JEFFREY G STOVER,,WDI4806,31.0
367702190,2020-01-01T23:23:53,32.51636,-91.10725,3.9,24.9,511.0,JEFFREY G STOVER,,WDI4806,31.0
367702190,2020-01-01T23:25:02,32.51752,-91.10674,4.0,20.7,511.0,JEFFREY G STOVER,,WDI4806,31.0
367702190,2020-01-01T23:26:14,32.51877,-91.10616,4.2,21.2,511.0,JEFFREY G STOVER,,WDI4806,31.0
367702190,2020-01-01T23:27:23,32.52004,-91.10547,4.4,22.1,511.0,JEFFREY G STOVER,,WDI4806,31.0
367702190,2020-01-01T23:28:33,32.52141,-91.10487,4.5,25.5,511.0,JEFFREY G STOVER,,WDI4806,31.0
367702190,2020-01-01T23:29:43,32.5227,-91.10399,4.6,30.7,511.0,JEFFREY G STOVER,,WDI4806,31.0
367702190,2020-01-01T23:30:53,32.52403,-91.10321,4.5,21.5,511.0,JEFFREY G STOVER,,WDI4806,31.0
367702190,2020-01-01T23:32:03,32.52542,-91.10259,4.6,18.8,511.0,JEFFREY G STOVER,,WDI4806,31.0
367702190,2020-01-01T23:33:13,32.52686,-91.1021,4.7,17.7,511.0,JEFFREY G STOVER,,WDI4806,31.0
367702190,2020-01-01T23:34:23,32.52834,-91.10149,4.8,19.3,511.0,JEFFREY G STOVER,,WDI4806,31.0
367702190,2020-01-01T23:35:33,32.52981,-91.10076,4.9,24.4,511.0,JEFFREY G STOVER,,WDI4806,31.0
367702190,2020-01-01T23:36:44,32.53129,-91.10008,4.7,17.5,511.0,JEFFREY G STOVER,,WDI4806,31.0
367702190,2020-01-01T23:38:03,32.53293,-91.09953,4.6,14.4,511.0,JEFFREY G STOVER,,WDI4806,31.0
367702190,2020-01-01T23:39:23,32.53452,-91.099,4.5,19.8,511.0,JEFFREY G STOVER,,WDI4806,31.0
367702190,2020-01-01T23:40:33,32.53588,-91.0985,4.2,13.1,511.0,JEFFREY G STOVER,,WDI4806,31.0
367702190,2020-01-01T23:42:02,32.53755,-91.09802,4.0,10.5,511.0,JEFFREY G STOVER,,WDI4806,31.0
367702190,2020-01-01T23:43:13,32.53882,-91.09767,3.9,11.7,511.0,JEFFREY G STOVER,,WDI4806,31.0
367702190,2020-01-01T23:44:23,32.54004,-91.09755,3.7,355.5,511.0,JEFFREY G STOVER,,WDI4806,31.0
367702190,2020-01-01T23:45:42,32.54145,-91.09776,3.9,352.6,511.0,JEFFREY G STOVER,,WDI4806,31.0
367702190,2020-01-01T23:47:03,32.54288,-91.09764,3.9,7.9,511.0,JEFFREY G STOVER,,WDI4806,31.0
367702190,2020-01-01T23:48:12,32.54413,-91.09746,3.9,7.5,511.0,JEFFREY G STOVER,,WDI4806,31.0
367702190,2020-01-01T23:49:33,32.54554,-91.09705,3.9,21.8,511.0,JEFFREY G STOVER,,WDI4806,31.0
367702190,2020-01-01T23:50:42,32.54668,-91.09646,3.8,22.7,511.0,JEFFREY G STOVER,,WDI4806,31.0
367702190,2020-01-01T23:51:54,32.54782,-91.09599,3.5,14.2,511.0,JEFFREY G STOVER,,WDI4806,31.0
367702190,2020-01-01T23:53:03,32.54888,-91.09591,3.3,354.4,511.0,JEFFREY G STOVER,,WDI4806,31.0
367702190,2020-01-01T23:54:14,32.55,-91.09596,3.5,359.5,511.0,JEFFREY G STOVER,,WDI4806,31.0
367702190,2020-01-01T23:55:43,32.55153,-91.09578,3.9,9.9,511.0,JEFFREY G STOVER,,WDI4806,31.0
367702190,2020-01-01T23:57:03,32.55291,-91.09587,3.8,343.6,511.0,JEFFREY G STOVER,,WDI4806,31.0
367702190,2020-01-01T23:59:04,32.55497,-91.09626,3.5,351.6,511.0,JEFFREY G STOVER,,WDI4806,31.0
