MMSI,BaseDateTime,LAT,LON,SOG,COG,Heading,VesselName,IMO,CallSign,VesselType
367007750,2020-01-01T00:00:09,29.31036,-89.3217,2.8,203.0,511.0,MASTER TYLER,,WDC3431,31.0
367513750,2020-01-01T00:00:18,29.35552,-90.25029,0.0,360.0,511.0,MASTER TYLER,IMO9653226,WDG2256,30.0
367007750,2020-01-01T00:01:29,29.30942,-89.32218,2.8,202.9,511.0,MASTER TYLER,,WDC3431,31.0
367513750,2020-01-01T00:01:37,29.35553,-90.25029,0.0,360.0,511.0,MASTER TYLER,IMO9653226,WDG2256,30.0
367007750,2020-01-01T00:02:37,29.30856,-89.32269,2.8,208.4,511.0,MASTER TYLER,,WDC3431,31.0
367513750,2020-01-01T00:02:47,29.35553,-90.25029,0.0,360.0,511.0,MASTER TYLER,IMO9653226,WDG2256,30.0
367007750,2020-01-01T00:03:49,29.30775,-89.3232,2.8,207.8,511.0,MASTER TYLER,,WDC3431,31.0
367513750,2020-01-01T00:03:58,29.35552,-90.25028,0.0,360.0,511.0,MASTER TYLER,IMO9653226,WDG2256,30.0
367007750,2020-01-01T00:04:58,29.307,-89.32365,2.8,206.5,511.0,MASTER TYLER,,WDC3431,31.0
367513750,2020-01-01T00:05:16,29.35552,-90.25027,0.0,360.0,511.0,MASTER TYLER,IMO9653226,WDG2256,30.0
367007750,2020-01-01T00:06:09,29.30615,-89.32416,2.6,210.1,511.0,MASTER TYLER,,WDC3431,31.0
367513750,2020-01-01T00:06:27,29.35551,-90.25027,0.0,360.0,511.0,MASTER TYLER,IMO9653226,WDG2256,30.0
367007750,2020-01-01T00:07:19,29.30547,-89.32451,2.4,204.3,511.0,MASTER TYLER,,WDC3431,31.0
367513750,2020-01-01T00:08:06,29.3555,-90.25026,0.0,360.0,511.0,MASTER TYLER,IMO9653226,WDG2256,30.0
367007750,2020-01-01T00:08:28,29.30475,-89.32487,2.4,201.4,511.0,MASTER TYLER,,WDC3431,31.0
367513750,2020-01-01T00:09:07,29.3555,-90.25026,0.0,360.0,511.0,MASTER TYLER,IMO9653226,WDG2256,30.0
367007750,2020-01-01T00:09:49,29.30394,-89.3254,2.3,218.0,511.0,MASTER TYLER,,WDC3431,31.0
367513750,2020-01-01T00:10:27,29.35551,-90.25027,0.0,360.0,511.0,MASTER TYLER,IMO9653226,WDG2256,30.0
367007750,2020-01-01T00:11:28,29.30315,-89.32605,2.3,217.2,511.0,MASTER TYLER,,WDC3431,31.0
367513750,2020-01-01T00:11:57,29.35551,-90.25028,0.0,360.0,511.0,MASTER TYLER,IMO9653226,WDG2256,30.0
367007750,2020-01-01T00:12:39,29.30252,-89.32657,2.4,212.3,511.0,MASTER TYLER,,WDC3431,31.0
367513750,2020-01-01T00:13:07,29.35551,-90.25027,0.0,360.0,511.0,MASTER TYLER,IMO9653226,WDG2256,30.0
367007750,2020-01-01T00:13:48,29.30185,-89.32703,2.5,209.8,511.0,MASTER TYLER,,WDC3431,31.0
367007750,2020-01-01T00:14:49,29.3013,-89.32744,2.6,216.8,511.0,MASTER TYLER,,WDC3431,31.0
367513750,2020-01-01T00:14:57,29.35553,-90.25028,0.0,360.0,511.0,MASTER TYLER,IMO9653226,WDG2256,30.0
367513750,2020-01-01T00:16:07,29.35553,-90.25028,0.0,360.0,511.0,MASTER TYLER,IMO9653226,WDG2256,30.0
367007750,2020-01-01T00:16:38,29.3003,-89.32837,2.7,226.1,511.0,MASTER TYLER,,WDC3431,31.0
367513750,2020-01-01T00:17:36,29.35553,-90.25028,0.0,360.0,511.0,MASTER TYLER,IMO9653226,WDG2256,30.0
367007750,2020-01-01T00:17:48,29.29989,-89.32928,2.7,245.2,511.0,MASTER TYLER,,WDC3431,31.0
367513750,2020-01-01T00:18:58,29.35552,-90.25027,0.0,360.0,511.0,MASTER TYLER,IMO9653226,WDG2256,30.0
367007750,2020-01-01T00:19:38,29.29924,-89.33075,2.7,248.4,511.0,MASTER TYLER,,WDC3431,31.0
367513750,2020-01-01T00:20:17,29.35551,-90.25028,0.0,360.0,511.0,MASTER TYLER,IMO9653226,WDG2256,30.0
367007750,2020-01-01T00:20:48,29.29897,-89.33167,2.7,248.1,511.0,MASTER TYLER,,WDC3431,31.0
367513750,2020-01-01T00:21:26,29.35552,-90.25027,0.0,360.0,511.0,MASTER TYLER,IMO9653226,WDG2256,30.0
367513750,2020-01-01T00:22:27,29.35552,-90.25027,0.0,360.0,511.0,MASTER TYLER,IMO9653226,WDG2256,30.0
367007750,2020-01-01T00:22:38,29.29837,-89.33312,2.7,249.1,511.0,MASTER TYLER,,WDC3431,31.0
367007750,2020-01-01T00:23:48,29.29809,-89.33391,2.3,250.1,511.0,MASTER TYLER,,WDC3431,31.0
367513750,2020-01-01T00:24:46,29.35552,-90.25026,0.0,360.0,511.0,MASTER TYLER,IMO9653226,WDG2256,30.0
367007750,2020-01-01T00:24:59,29.29779,-89.33467,1.8,248.3,511.0,MASTER TYLER,,WDC3431,31.0
367513750,2020-01-01T00:26:27,29.35553,-90.25025,0.0,360.0,511.0,MASTER TYLER,IMO9653226,WDG2256,30.0
367007750,2020-01-01T00:26:37,29.29756,-89.33533,1.4,251.8,511.0,MASTER TYLER,,WDC3431,31.0
367007750,2020-01-01T00:28:28,29.29736,-89.33617,1.2,248.2,511.0,MASTER TYLER,,WDC3431,31.0
367513750,2020-01-01T00:28:46,29.35553,-90.25025,0.0,360.0,511.0,MASTER TYLER,IMO9653226,WDG2256,30.0
367007750,2020-01-01T00:29:47,29.29726,-89.33658,1.1,259.2,511.0,MASTER TYLER,,WDC3431,31.0
367513750,2020-01-01T00:29:56,29.35553,-90.25026,0.0,360.0,511.0,MASTER TYLER,IMO9653226,WDG2256,30.0
367007750,2020-01-01T00:30:58,29.2972,-89.33695,1.2,254.4,511.0,MASTER TYLER,,WDC3431,31.0
367513750,2020-01-01T00:31:56,29.35554,-90.25027,0.0,360.0,511.0,MASTER TYLER,IMO9653226,WDG2256,30.0
367007750,2020-01-01T00:33:08,29.29684,-89.33791,1.6,248.3,511.0,MASTER TYLER,,WDC3431,31.0
367513750,2020-01-01T00:33:28,29.35553,-90.25027,0.0,360.0,511.0,MASTER TYLER,IMO9653226,WDG2256,30.0
367513750,2020-01-01T00:34:36,29.35553,-90.25026,0.0,360.0,511.0,MASTER TYLER,IMO9653226,WDG2256,30.0
367007750,2020-01-01T00:35:17,29.29667,-89.33892,1.7,258.4,511.0,MASTER TYLER,,WDC3431,31.0
367513750,2020-01-01T00:36:28,29.35553,-90.25028,0.0,360.0,511.0,MASTER TYLER,IMO9653226,WDG2256,30.0
367007750,2020-01-01T00:36:28,29.29655,-89.3396,1.7,254.4,511.0,MASTER TYLER,,WDC3431,31.0
367513750,2020-01-01T00:37:37,29.35552,-90.25026,0.0,360.0,511.0,MASTER TYLER,IMO9653226,WDG2256,30.0
367007750,2020-01-01T00:37:58,29.29625,-89.34034,1.7,245.0,511.0,MASTER TYLER,,WDC3431,31.0
367007750,2020-01-01T00:39:37,29.29601,-89.34119,1.8,249.2,511.0,MASTER TYLER,,WDC3431,31.0
367007750,2020-01-01T00:41:17,29.29569,-89.34193,1.4,242.6,511.0,MASTER TYLER,,WDC3431,31.0
367513750,2020-01-01T00:41:27,29.35552,-90.25027,0.0,360.0,511.0,MASTER TYLER,IMO9653226,WDG2256,30.0
367007750,2020-01-01T00:42:28,29.29545,-89.34251,1.6,251.6,511.0,MASTER TYLER,,WDC3431,31.0
367513750,2020-01-01T00:43:06,29.35551,-90.25025,0.0,360.0,511.0,MASTER TYLER,IMO9653226,WDG2256,30.0
367007750,2020-01-01T00:43:38,29.29531,-89.34307,1.5,248.6,511.0,MASTER TYLER,,WDC3431,31.0
367513750,2020-01-01T00:45:27,29.35552,-90.25028,0.0,360.0,511.0,MASTER TYLER,IMO9653226,WDG2256,30.0
367513750,2020-01-01T00:46:48,29.35552,-90.25028,0.0,360.0,511.0,MASTER TYLER,IMO9653226,WDG2256,30.0
367007750,2020-01-01T00:46:48,29.29469,-89.34461,1.8,256.8,511.0,MASTER TYLER,,WDC3431,31.0
367513750,2020-01-01T00:47:58,29.35553,-90.25027,0.0,360.0,511.0,MASTER TYLER,IMO9653226,WDG2256,30.0
367007750,2020-01-01T00:48:08,29.29458,-89.34544,2.0,252.5,511.0,MASTER TYLER,,WDC3431,31.0
367513750,2020-01-01T00:49:47,29.35553,-90.25028,0.0,360.0,511.0,MASTER TYLER,IMO9653226,WDG2256,30.0
367007750,2020-01-01T00:50:08,29.29404,-89.34653,2.1,220.8,511.0,MASTER TYLER,,WDC3431,31.0
367513750,2020-01-01T00:51:07,29.35553,-90.25029,0.0,360.0,511.0,MASTER TYLER,IMO9653226,WDG2256,30.0
367007750,2020-01-01T00:52:07,29.29309,-89.34735,2.2,218.6,511.0,MASTER TYLER,,WDC3431,31.0
367007750,2020-01-01T00:53:18,29.29263,-89.34792,2.0,229.1,511.0,MASTER TYLER,,WDC3431,31.0
367513750,2020-01-01T00:53:27,29.35554,-90.25029,0.0,360.0,511.0,MASTER TYLER,IMO9653226,WDG2256,30.0
367007750,2020-01-01T00:56:07,29.29178,-89.34936,2.2,234.3,511.0,MASTER TYLER,,WDC3431,31.0
367513750,2020-01-01T00:57:27,29.35553,-90.25029,0.0,360.0,511.0,MASTER TYLER,IMO9653226,WDG2256,30.0
367007750,2020-01-01T00:57:57,29.29106,-89.35039,2.2,214.1,511.0,MASTER TYLER,,WDC3431,31.0
367007750,2020-01-01T00:59:07,29.29038,-89.35093,2.9,212.4,511.0,MASTER TYLER,,WDC3431,31.0
367513750,2020-01-01T00:59:17,29.35553,-90.25028,0.0,360.0,511.0,MASTER TYLER,IMO9653226,WDG2256,30.0
367007750,2020-01-01T01:00:07,29.28956,-89.35138,3.4,191.0,511.0,MASTER TYLER,,WDC3431,31.0
367513750,2020-01-01T01:00:17,29.35552,-90.25026,0.0,360.0,511.0,MASTER TYLER,IMO9653226,WDG2256,30.0
367007750,2020-01-01T01:01:18,29.2885,-89.35105,3.6,164.3,511.0,MASTER TYLER,,WDC3431,31.0
367513750,2020-01-01T01:02:17,29.35552,-90.25025,0.0,360.0,511.0,MASTER TYLER,IMO9653226,WDG2256,30.0
367007750,2020-01-01T01:02:28,29.28742,-89.35118,3.6,195.4,511.0,MASTER TYLER,,WDC3431,31.0
367007750,2020-01-01T01:03:39,29.28619,-89.35152,4.2,195.0,511.0,MASTER TYLER,,WDC3431,31.0
367513750,2020-01-01T01:03:57,29.35552,-90.25025,0.0,360.0,511.0,MASTER TYLER,IMO9653226,WDG2256,30.0
367007750,2020-01-01T01:04:48,29.28481,-89.35195,4.5,191.5,511.0,MASTER TYLER,,WDC3431,31.0
367513750,2020-01-01T01:05:28,29.35552,-90.25026,0.0,360.0,511.0,MASTER TYLER,IMO9653226,WDG2256,30.0
367007750,2020-01-01T01:05:59,29.28345,-89.35217,4.0,184.2,511.0,MASTER TYLER,,WDC3431,31.0
367513750,2020-01-01T01:06:38,29.35552,-90.25026,0.0,360.0,511.0,MASTER TYLER,IMO9653226,WDG2256,30.0
367007750,2020-01-01T01:07:08,29.28217,-89.35238,4.1,193.3,511.0,MASTER TYLER,,WDC3431,31.0
367513750,2020-01-01T01:07:47,29.35552,-90.25026,0.0,360.0,511.0,MASTER TYLER,IMO9653226,WDG2256,30.0
367007750,2020-01-01T01:08:18,29.28078,-89.35246,4.6,174.6,511.0,MASTER TYLER,,WDC3431,31.0
367513750,2020-01-01T01:09:07,29.35552,-90.25025,0.0,360.0,511.0,MASTER TYLER,IMO9653226,WDG2256,30.0
367007750,2020-01-01T01:09:28,29.27926,-89.35217,4.8,166.1,511.0,MASTER TYLER,,WDC3431,31.0
367007750,2020-01-01T01:10:37,29.27779,-89.35156,4.9,158.5,511.0,MASTER TYLER,,WDC3431,31.0
367513750,2020-01-01T01:10:58,29.35552,-90.25026,0.0,360.0,511.0,MASTER TYLER,IMO9653226,WDG2256,30.0
367007750,2020-01-01T01:11:57,29.27605,-89.351,4.9,165.6,511.0,MASTER TYLER,,WDC3431,31.0
367513750,2020-01-01T01:12:47,29.35552,-90.25027,0.0,360.0,511.0,MASTER TYLER,IMO9653226,WDG2256,30.0
367007750,2020-01-01T01:13:09,29.27453,-89.35054,4.9,168.3,511.0,MASTER TYLER,,WDC3431,31.0
367513750,2020-01-01T01:14:06,29.35553,-90.25028,0.0,360.0,511.0,MASTER TYLER,IMO9653226,WDG2256,30.0
367007750,2020-01-01T01:14:18,29.27297,-89.35017,4.7,174.9,511.0,MASTER TYLER,,WDC3431,31.0
367513750,2020-01-01T01:15:26,29.35553,-90.25028,0.0,360.0,511.0,MASTER TYLER,IMO9653226,WDG2256,30.0
367007750,2020-01-01T01:15:27,29.27164,-89.35021,3.8,196.3,511.0,MASTER TYLER,,WDC3431,31.0
367513750,2020-01-01T01:16:47,29.35553,-90.25028,0.0,360.0,511.0,MASTER TYLER,IMO9653226,WDG2256,30.0
367007750,2020-01-01T01:16:48,29.27033,-89.35085,3.7,199.9,511.0,MASTER TYLER,,WDC3431,31.0
367513750,2020-01-01T01:17:56,29.35553,-90.25028,0.0,360.0,511.0,MASTER TYLER,IMO9653226,WDG2256,30.0
367007750,2020-01-01T01:17:58,29.26918,-89.35107,3.6,182.4,511.0,MASTER TYLER,,WDC3431,31.0
367007750,2020-01-01T01:19:09,29.26797,-89.3512,3.9,182.8,511.0,MASTER TYLER,,WDC3431,31.0
367513750,2020-01-01T01:19:26,29.35553,-90.25029,0.0,360.0,511.0,MASTER TYLER,IMO9653226,WDG2256,30.0
367513750,2020-01-01T01:20:47,29.35553,-90.25029,0.0,360.0,511.0,MASTER TYLER,IMO9653226,WDG2256,30.0
367007750,2020-01-01T01:21:17,29.26566,-89.35143,4.0,183.5,511.0,MASTER TYLER,,WDC3431,31.0
367513750,2020-01-01T01:21:57,29.35553,-90.25028,0.0,360.0,511.0,MASTER TYLER,IMO9653226,WDG2256,30.0
367007750,2020-01-01T01:22:27,29.26438,-89.35137,3.8,177.7,511.0,MASTER TYLER,,WDC3431,31.0
367513750,2020-01-01T01:23:57,29.35553,-90.25026,0.0,360.0,511.0,MASTER TYLER,IMO9653226,WDG2256,30.0
367007750,2020-01-01T01:24:07,29.26265,-89.35117,3.6,170.6,511.0,MASTER TYLER,,WDC3431,31.0
367513750,2020-01-01T01:25:08,29.35553,-90.25027,0.0,360.0,511.0,MASTER TYLER,IMO9653226,WDG2256,30.0
367007750,2020-01-01T01:25:17,29.26152,-89.35092,3.5,164.7,511.0,MASTER TYLER,,WDC3431,31.0
367513750,2020-01-01T01:26:27,29.35553,-90.25029,0.0,360.0,511.0,MASTER TYLER,IMO9653226,WDG2256,30.0
367007750,2020-01-01T01:26:28,29.26038,-89.35058,3.5,165.2,511.0,MASTER TYLER,,WDC3431,31.0
367513750,2020-01-01T01:27:46,29.35552,-90.25029,0.0,360.0,511.0,MASTER TYLER,IMO9653226,WDG2256,30.0
367007750,2020-01-01T01:28:17,29.25874,-89.34991,3.4,160.5,511.0,MASTER TYLER,,WDC3431,31.0
367513750,2020-01-01T01:29:08,29.35553,-90.2503,0.0,360.0,511.0,MASTER TYLER,IMO9653226,WDG2256,30.0
367007750,2020-01-01T01:29:28,29.25765,-89.3494,3.4,155.4,511.0,MASTER TYLER,,WDC3431,31.0
367007750,2020-01-01T01:30:37,29.25669,-89.34889,3.4,155.4,511.0,MASTER TYLER,,WDC3431,31.0
367513750,2020-01-01T01:31:46,29.35554,-90.25031,0.0,360.0,511.0,MASTER TYLER,IMO9653226,WDG2256,30.0
367007750,2020-01-01T01:32:27,29.25522,-89.34808,3.2,153.4,511.0,MASTER TYLER,,WDC3431,31.0
367513750,2020-01-01T01:33:46,29.35553,-90.25032,0.0,360.0,511.0,MASTER TYLER,IMO9653226,WDG2256,30.0
367007750,2020-01-01T01:34:27,29.25372,-89.3473,2.9,160.6,511.0,MASTER TYLER,,WDC3431,31.0
367513750,2020-01-01T01:34:58,29.35553,-90.25032,0.0,360.0,511.0,MASTER TYLER,IMO9653226,WDG2256,30.0
367513750,2020-01-01T01:36:06,29.35553,-90.25031,0.0,360.0,511.0,MASTER TYLER,IMO9653226,WDG2256,30.0
367007750,2020-01-01T01:36:27,29.25228,-89.3467,2.7,162.7,511.0,MASTER TYLER,,WDC3431,31.0
367513750,2020-01-01T01:38:06,29.35553,-90.2503,0.0,360.0,511.0,MASTER TYLER,IMO9653226,WDG2256,30.0
367007750,2020-01-01T01:38:17,29.25102,-89.34643,2.1,167.4,511.0,MASTER TYLER,,WDC3431,31.0
367513750,2020-01-01T01:39:07,29.35553,-90.25031,0.0,360.0,511.0,MASTER TYLER,IMO9653226,WDG2256,30.0
367007750,2020-01-01T01:39:18,29.25042,-89.34621,2.1,164.2,511.0,MASTER TYLER,,WDC3431,31.0
367513750,2020-01-01T01:40:17,29.35551,-90.2503,0.0,360.0,511.0,MASTER TYLER,IMO9653226,WDG2256,30.0
367007750,2020-01-01T01:40:27,29.2498,-89.34602,2.1,157.4,511.0,MASTER TYLER,,WDC3431,31.0
367007750,2020-01-01T01:41:38,29.24918,-89.34582,1.9,172.8,511.0,MASTER TYLER,,WDC3431,31.0
367513750,2020-01-01T01:41:57,29.35552,-90.25029,0.0,360.0,511.0,MASTER TYLER,IMO9653226,WDG2256,30.0
367007750,2020-01-01T01:43:27,29.24832,-89.3456,1.7,174.1,511.0,MASTER TYLER,,WDC3431,31.0
367007750,2020-01-01T01:44:38,29.24788,-89.34561,1.2,175.3,511.0,MASTER TYLER,,WDC3431,31.0
367513750,2020-01-01T01:45:16,29.35553,-90.25031,0.0,360.0,511.0,MASTER TYLER,IMO9653226,WDG2256,30.0
367007750,2020-01-01T01:46:38,29.24768,-89.34566,0.3,208.2,511.0,MASTER TYLER,,WDC3431,31.0
367513750,2020-01-01T01:47:07,29.35553,-90.25028,0.0,360.0,511.0,MASTER TYLER,IMO9653226,WDG2256,30.0
367007750,2020-01-01T01:48:07,29.24748,-89.34575,0.6,225.4,511.0,MASTER TYLER,,WDC3431,31.0
367513750,2020-01-01T01:48:58,29.35554,-90.25027,0.0,360.0,511.0,MASTER TYLER,IMO9653226,WDG2256,30.0
367007750,2020-01-01T01:49:38,29.24723,-89.34601,1.2,201.6,511.0,MASTER TYLER,,WDC3431,31.0
367513750,2020-01-01T01:50:08,29.35554,-90.25028,0.0,360.0,511.0,MASTER TYLER,IMO9653226,WDG2256,30.0
367007750,2020-01-01T01:51:07,29.24649,-89.34589,2.1,153.2,511.0,MASTER TYLER,,WDC3431,31.0
367007750,2020-01-01T01:53:17,29.24583,-89.34518,0.4,154.4,511.0,MASTER TYLER,,WDC3431,31.0
367513750,2020-01-01T01:53:18,29.35554,-90.25026,0.0,360.0,511.0,MASTER TYLER,IMO9653226,WDG2256,30.0
367513750,2020-01-01T01:54:26,29.35553,-90.25027,0.0,360.0,511.0,MASTER TYLER,IMO9653226,WDG2256,30.0
367007750,2020-01-01T01:54:27,29.24584,-89.34521,0.2,328.1,511.0,MASTER TYLER,,WDC3431,31.0
367007750,2020-01-01T01:55:48,29.24592,-89.34513,0.1,12.9,511.0,MASTER TYLER,,WDC3431,31.0
367513750,2020-01-01T01:57:37,29.35553,-90.25027,0.0,360.0,511.0,MASTER TYLER,IMO9653226,WDG2256,30.0
367513750,2020-01-01T01:59:07,29.35553,-90.25028,0.0,360.0,511.0,MASTER TYLER,IMO9653226,WDG2256,30.0
367007750,2020-01-01T01:59:08,29.24585,-89.34516,0.2,235.7,511.0,MASTER TYLER,,WDC3431,31.0
367513750,2020-01-01T02:00:07,29.35553,-90.25028,0.0,360.0,511.0,MASTER TYLER,IMO9653226,WDG2256,30.0
367007750,2020-01-01T02:00:08,29.24583,-89.34527,0.3,259.4,511.0,MASTER TYLER,,WDC3431,31.0
367007750,2020-01-01T02:01:19,29.24579,-89.34538,0.4,245.3,511.0,MASTER TYLER,,WDC3431,31.0
367513750,2020-01-01T02:01:27,29.35553,-90.25027,0.0,360.0,511.0,MASTER TYLER,IMO9653226,WDG2256,30.0
367007750,2020-01-01T02:02:28,29.24573,-89.34547,0.4,229.7,511.0,MASTER TYLER,,WDC3431,31.0
367513750,2020-01-01T02:02:36,29.35553,-90.25027,0.0,360.0,511.0,MASTER TYLER,IMO9653226,WDG2256,30.0
367007750,2020-01-01T02:03:38,29.24562,-89.34563,0.6,239.9,511.0,MASTER TYLER,,WDC3431,31.0
367513750,2020-01-01T02:04:27,29.35554,-90.25026,0.0,360.0,511.0,MASTER TYLER,IMO9653226,WDG2256,30.0
367007750,2020-01-01T02:04:49,29.24563,-89.34576,0.0,247.7,511.0,MASTER TYLER,,WDC3431,31.0
367007750,2020-01-01T02:06:07,29.2456,-89.34576,0.0,256.8,511.0,MASTER TYLER,,WDC3431,31.0
367007750,2020-01-01T02:07:18,29.24555,-89.34576,0.0,259.4,511.0,MASTER TYLER,,WDC3431,31.0
367513750,2020-01-01T02:07:47,29.35554,-90.25027,0.0,360.0,511.0,MASTER TYLER,IMO9653226,WDG2256,30.0
367007750,2020-01-01T02:08:28,29.2456,-89.34575,0.0,265.6,511.0,MASTER TYLER,,WDC3431,31.0
367007750,2020-01-01T02:09:37,29.24559,-89.34578,0.0,274.1,511.0,MASTER TYLER,,WDC3431,31.0
367513750,2020-01-01T02:09:47,29.35555,-90.25029,0.0,360.0,511.0,MASTER TYLER,IMO9653226,WDG2256,30.0
367007750,2020-01-01T02:10:49,29.24553,-89.34575,0.0,267.2,511.0,MASTER TYLER,,WDC3431,31.0
367513750,2020-01-01T02:11:17,29.35554,-90.25028,0.0,360.0,511.0,MASTER TYLER,IMO9653226,WDG2256,30.0
367513750,2020-01-01T02:12:27,29.35554,-90.25029,0.0,360.0,511.0,MASTER TYLER,IMO9653226,WDG2256,30.0
367007750,2020-01-01T02:12:28,29.24559,-89.34573,0.0,286.1,511.0,MASTER TYLER,,WDC3431,31.0
367513750,2020-01-01T02:13:37,29.35556,-90.2503,0.0,360.0,511.0,MASTER TYLER,IMO9653226,WDG2256,30.0
367007750,2020-01-01T02:13:47,29.24561,-89.34574,0.0,283.9,511.0,MASTER TYLER,,WDC3431,31.0
367513750,2020-01-01T02:15:06,29.35556,-90.2503,0.0,360.0,511.0,MASTER TYLER,IMO9653226,WDG2256,30.0
367007750,2020-01-01T02:15:28,29.24559,-89.34574,0.0,293.9,511.0,MASTER TYLER,,WDC3431,31.0
367007750,2020-01-01T02:16:48,29.24559,-89.34573,0.0,300.3,511.0,MASTER TYLER,,WDC3431,31.0
367513750,2020-01-01T02:17:06,29.35553,-90.25028,0.0,360.0,511.0,MASTER TYLER,IMO9653226,WDG2256,30.0
367513750,2020-01-01T02:18:38,29.35554,-90.25027,0.0,360.0,511.0,MASTER TYLER,IMO9653226,WDG2256,30.0
367007750,2020-01-01T02:18:48,29.24554,-89.34574,0.0,280.0,511.0,MASTER TYLER,,WDC3431,31.0
367007750,2020-01-01T02:19:57,29.24561,-89.34575,0.0,275.7,511.0,MASTER TYLER,,WDC3431,31.0
367513750,2020-01-01T02:20:17,29.35554,-90.25027,0.0,360.0,511.0,MASTER TYLER,IMO9653226,WDG2256,30.0
367007750,2020-01-01T02:21:47,29.2456,-89.34569,0.0,264.0,511.0,MASTER TYLER,,WDC3431,31.0
367513750,2020-01-01T02:22:37,29.35553,-90.25027,0.0,360.0,511.0,MASTER TYLER,IMO9653226,WDG2256,30.0
367513750,2020-01-01T02:23:47,29.35553,-90.25028,0.0,360.0,511.0,MASTER TYLER,IMO9653226,WDG2256,30.0
367007750,2020-01-01T02:23:47,29.24558,-89.34573,0.0,259.1,511.0,MASTER TYLER,,WDC3431,31.0
367513750,2020-01-01T02:25:37,29.35554,-90.25029,0.0,360.0,511.0,MASTER TYLER,IMO9653226,WDG2256,30.0
367007750,2020-01-01T02:25:47,29.24559,-89.3458,0.0,260.6,511.0,MASTER TYLER,,WDC3431,31.0
367513750,2020-01-01T02:26:38,29.35553,-90.25028,0.0,360.0,511.0,MASTER TYLER,IMO9653226,WDG2256,30.0
367007750,2020-01-01T02:26:59,29.24562,-89.34579,0.0,263.6,511.0,MASTER TYLER,,WDC3431,31.0
367513750,2020-01-01T02:27:48,29.35553,-90.25028,0.0,360.0,511.0,MASTER TYLER,IMO9653226,WDG2256,30.0
367007750,2020-01-01T02:28:07,29.24561,-89.34574,0.0,271.0,511.0,MASTER TYLER,,WDC3431,31.0
367513750,2020-01-01T02:28:56,29.35553,-90.25028,0.0,360.0,511.0,MASTER TYLER,IMO9653226,WDG2256,30.0
367007750,2020-01-01T02:29:17,29.24553,-89.34572,0.1,271.3,511.0,MASTER TYLER,,WDC3431,31.0
367513750,2020-01-01T02:29:57,29.35554,-90.25029,0.0,360.0,511.0,MASTER TYLER,IMO9653226,WDG2256,30.0
367513750,2020-01-01T02:31:07,29.35554,-90.25029,0.0,360.0,511.0,MASTER TYLER,IMO9653226,WDG2256,30.0
367007750,2020-01-01T02:31:17,29.2456,-89.34578,0.0,268.3,511.0,MASTER TYLER,,WDC3431,31.0
367513750,2020-01-01T02:32:17,29.35554,-90.25029,0.0,360.0,511.0,MASTER TYLER,IMO9653226,WDG2256,30.0
367007750,2020-01-01T02:33:17,29.2456,-89.34579,0.0,258.5,511.0,MASTER TYLER,,WDC3431,31.0
367513750,2020-01-01T02:33:38,29.35553,-90.25027,0.0,360.0,511.0,MASTER TYLER,IMO9653226,WDG2256,30.0
367513750,2020-01-01T02:34:57,29.35553,-90.25027,0.0,360.0,511.0,MASTER TYLER,IMO9653226,WDG2256,30.0
367007750,2020-01-01T02:35:07,29.2455,-89.34586,0.2,180.1,511.0,MASTER TYLER,,WDC3431,31.0
367513750,2020-01-01T02:36:08,29.35554,-90.25027,0.0,360.0,511.0,MASTER TYLER,IMO9653226,WDG2256,30.0
367007750,2020-01-01T02:37:17,29.24544,-89.34572,0.3,120.4,511.0,MASTER TYLER,,WDC3431,31.0
367513750,2020-01-01T02:38:46,29.35555,-90.25027,0.0,360.0,511.0,MASTER TYLER,IMO9653226,WDG2256,30.0
367007750,2020-01-01T02:39:38,29.24531,-89.3456,0.3,198.9,511.0,MASTER TYLER,,WDC3431,31.0
367513750,2020-01-01T02:40:08,29.35555,-90.25027,0.0,360.0,511.0,MASTER TYLER,IMO9653226,WDG2256,30.0
367007750,2020-01-01T02:41:47,29.24516,-89.34561,0.3,196.6,511.0,MASTER TYLER,,WDC3431,31.0
367513750,2020-01-01T02:42:16,29.35554,-90.25028,0.0,360.0,511.0,MASTER TYLER,IMO9653226,WDG2256,30.0
367513750,2020-01-01T02:44:08,29.35555,-90.25026,0.0,360.0,511.0,MASTER TYLER,IMO9653226,WDG2256,30.0
367007750,2020-01-01T02:44:48,29.24582,-89.34516,1.3,338.9,511.0,MASTER TYLER,,WDC3431,31.0
367513750,2020-01-01T02:46:08,29.35555,-90.25027,0.0,360.0,511.0,MASTER TYLER,IMO9653226,WDG2256,30.0
367007750,2020-01-01T02:46:09,29.2463,-89.34534,1.5,359.8,511.0,MASTER TYLER,,WDC3431,31.0
367513750,2020-01-01T02:47:16,29.35555,-90.25028,0.0,360.0,511.0,MASTER TYLER,IMO9653226,WDG2256,30.0
367513750,2020-01-01T02:48:26,29.35554,-90.25029,0.0,360.0,511.0,MASTER TYLER,IMO9653226,WDG2256,30.0
367007750,2020-01-01T02:48:37,29.24765,-89.34545,2.3,349.7,511.0,MASTER TYLER,,WDC3431,31.0
367513750,2020-01-01T02:49:27,29.35553,-90.25028,0.0,360.0,511.0,MASTER TYLER,IMO9653226,WDG2256,30.0
367007750,2020-01-01T02:49:58,29.24824,-89.3459,2.1,321.4,511.0,MASTER TYLER,,WDC3431,31.0
367513750,2020-01-01T02:50:48,29.35552,-90.25026,0.0,360.0,511.0,MASTER TYLER,IMO9653226,WDG2256,30.0
367007750,2020-01-01T02:51:37,29.24896,-89.3465,1.3,319.0,511.0,MASTER TYLER,,WDC3431,31.0
367007750,2020-01-01T02:52:58,29.24918,-89.34679,0.5,301.0,511.0,MASTER TYLER,,WDC3431,31.0
367513750,2020-01-01T02:53:28,29.35553,-90.25026,0.0,360.0,511.0,MASTER TYLER,IMO9653226,WDG2256,30.0
367513750,2020-01-01T02:55:17,29.35553,-90.25026,0.0,360.0,511.0,MASTER TYLER,IMO9653226,WDG2256,30.0
367007750,2020-01-01T02:56:28,29.24928,-89.34685,0.0,213.9,511.0,MASTER TYLER,,WDC3431,31.0
367513750,2020-01-01T02:56:38,29.35553,-90.25027,0.0,360.0,511.0,MASTER TYLER,IMO9653226,WDG2256,30.0
367513750,2020-01-01T02:57:46,29.35552,-90.25027,0.0,360.0,511.0,MASTER TYLER,IMO9653226,WDG2256,30.0
367007750,2020-01-01T02:58:18,29.2493,-89.34688,0.0,210.3,511.0,MASTER TYLER,,WDC3431,31.0
367513750,2020-01-01T02:58:57,29.35551,-90.25027,0.0,360.0,511.0,MASTER TYLER,IMO9653226,WDG2256,30.0
367007750,2020-01-01T02:59:28,29.24931,-89.34689,0.0,211.1,511.0,MASTER TYLER,,WDC3431,31.0
367007750,2020-01-01T03:00:08,29.24929,-89.3469,0.0,207.3,511.0,MASTER TYLER,,WDC3431,31.0
367513750,2020-01-01T03:00:17,29.35553,-90.25027,0.0,360.0,511.0,MASTER TYLER,IMO9653226,WDG2256,30.0
367007750,2020-01-01T03:01:17,29.24928,-89.34689,0.0,209.2,511.0,MASTER TYLER,,WDC3431,31.0
367513750,2020-01-01T03:01:18,29.35553,-90.25026,0.0,360.0,511.0,MASTER TYLER,IMO9653226,WDG2256,30.0
367007750,2020-01-01T03:02:28,29.24926,-89.34695,0.0,215.1,511.0,MASTER TYLER,,WDC3431,31.0
367513750,2020-01-01T03:02:38,29.35552,-90.25026,0.0,360.0,511.0,MASTER TYLER,IMO9653226,WDG2256,30.0
367007750,2020-01-01T03:03:29,29.24927,-89.34694,0.0,217.3,511.0,MASTER TYLER,,WDC3431,31.0
367513750,2020-01-01T03:03:47,29.35551,-90.25025,0.0,360.0,511.0,MASTER TYLER,IMO9653226,WDG2256,30.0
367007750,2020-01-01T03:04:38,29.24926,-89.34685,0.0,224.2,511.0,MASTER TYLER,,WDC3431,31.0
367513750,2020-01-01T03:05:28,29.35552,-90.25026,0.0,360.0,511.0,MASTER TYLER,IMO9653226,WDG2256,30.0
367007750,2020-01-01T03:05:48,29.24926,-89.34687,0.0,217.4,511.0,MASTER TYLER,,WDC3431,31.0
367007750,2020-01-01T03:06:58,29.24926,-89.34691,0.1,208.6,511.0,MASTER TYLER,,WDC3431,31.0
367513750,2020-01-01T03:07:07,29.35552,-90.25026,0.0,360.0,511.0,MASTER TYLER,IMO9653226,WDG2256,30.0
367007750,2020-01-01T03:08:08,29.24928,-89.34689,0.2,209.2,511.0,MASTER TYLER,,WDC3431,31.0
367513750,2020-01-01T03:08:28,29.35552,-90.25025,0.0,360.0,511.0,MASTER TYLER,IMO9653226,WDG2256,30.0
367007750,2020-01-01T03:09:18,29.24927,-89.34687,0.2,284.7,511.0,MASTER TYLER,,WDC3431,31.0
367513750,2020-01-01T03:09:38,29.35552,-90.25025,0.0,360.0,511.0,MASTER TYLER,IMO9653226,WDG2256,30.0
367007750,2020-01-01T03:10:57,29.24929,-89.34688,0.0,290.0,511.0,MASTER TYLER,,WDC3431,31.0
367513750,2020-01-01T03:11:07,29.35553,-90.25025,0.0,360.0,511.0,MASTER TYLER,IMO9653226,WDG2256,30.0
367007750,2020-01-01T03:12:07,29.2493,-89.34692,0.1,293.1,511.0,MASTER TYLER,,WDC3431,31.0
367513750,2020-01-01T03:12:26,29.35553,-90.25025,0.0,360.0,511.0,MASTER TYLER,IMO9653226,WDG2256,30.0
367513750,2020-01-01T03:13:46,29.35553,-90.25025,0.0,360.0,511.0,MASTER TYLER,IMO9653226,WDG2256,30.0
367007750,2020-01-01T03:13:57,29.25006,-89.34679,2.1,296.2,511.0,MASTER TYLER,,WDC3431,31.0
367513750,2020-01-01T03:14:57,29.35553,-90.25025,0.0,360.0,511.0,MASTER TYLER,IMO9653226,WDG2256,30.0
367007750,2020-01-01T03:15:08,29.2501,-89.34703,0.0,163.8,511.0,MASTER TYLER,,WDC3431,31.0
367513750,2020-01-01T03:16:08,29.35553,-90.25026,0.0,360.0,511.0,MASTER TYLER,IMO9653226,WDG2256,30.0
367007750,2020-01-01T03:16:57,29.2501,-89.34711,0.2,243.1,511.0,MASTER TYLER,,WDC3431,31.0
367513750,2020-01-01T03:17:47,29.35552,-90.25027,0.0,360.0,511.0,MASTER TYLER,IMO9653226,WDG2256,30.0
367007750,2020-01-01T03:18:57,29.25007,-89.3471,0.0,233.6,511.0,MASTER TYLER,,WDC3431,31.0
367513750,2020-01-01T03:19:16,29.35554,-90.25027,0.0,360.0,511.0,MASTER TYLER,IMO9653226,WDG2256,30.0
367007750,2020-01-01T03:20:28,29.2501,-89.34709,0.0,243.0,511.0,MASTER TYLER,,WDC3431,31.0
367513750,2020-01-01T03:21:16,29.35553,-90.25028,0.0,360.0,511.0,MASTER TYLER,IMO9653226,WDG2256,30.0
367007750,2020-01-01T03:21:57,29.25012,-89.3471,0.0,253.1,511.0,MASTER TYLER,,WDC3431,31.0
367513750,2020-01-01T03:23:16,29.35552,-90.25026,0.0,360.0,511.0,MASTER TYLER,IMO9653226,WDG2256,30.0
367007750,2020-01-01T03:23:18,29.2501,-89.34709,0.0,253.8,511.0,MASTER TYLER,,WDC3431,31.0
367513750,2020-01-01T03:24:17,29.35552,-90.25025,0.0,360.0,511.0,MASTER TYLER,IMO9653226,WDG2256,30.0
367007750,2020-01-01T03:24:29,29.25008,-89.34711,0.0,252.5,511.0,MASTER TYLER,,WDC3431,31.0
367007750,2020-01-01T03:26:48,29.25008,-89.34715,0.0,252.9,511.0,MASTER TYLER,,WDC3431,31.0
367513750,2020-01-01T03:26:58,29.35552,-90.25025,0.0,360.0,511.0,MASTER TYLER,IMO9653226,WDG2256,30.0
367007750,2020-01-01T03:28:37,29.25006,-89.34712,0.0,263.1,511.0,MASTER TYLER,,WDC3431,31.0
367513750,2020-01-01T03:29:27,29.35552,-90.25026,0.0,360.0,511.0,MASTER TYLER,IMO9653226,WDG2256,30.0
367007750,2020-01-01T03:29:48,29.25005,-89.34711,0.0,267.0,511.0,MASTER TYLER,,WDC3431,31.0
367513750,2020-01-01T03:30:57,29.35552,-90.25027,0.0,360.0,511.0,MASTER TYLER,IMO9653226,WDG2256,30.0
367007750,2020-01-01T03:32:08,29.25008,-89.34709,0.0,274.7,511.0,MASTER TYLER,,WDC3431,31.0
367513750,2020-01-01T03:32:36,29.35552,-90.25027,0.0,360.0,511.0,MASTER TYLER,IMO9653226,WDG2256,30.0
367513750,2020-01-01T03:33:57,29.35552,-90.25027,0.0,360.0,511.0,MASTER TYLER,IMO9653226,WDG2256,30.0
367007750,2020-01-01T03:34:28,29.25008,-89.34712,0.0,273.1,511.0,MASTER TYLER,,WDC3431,31.0
367513750,2020-01-01T03:35:07,29.35552,-90.25026,0.0,360.0,511.0,MASTER TYLER,IMO9653226,WDG2256,30.0
367007750,2020-01-01T03:35:37,29.2501,-89.34715,0.0,276.3,511.0,MASTER TYLER,,WDC3431,31.0
367513750,2020-01-01T03:36:08,29.35552,-90.25026,0.0,360.0,511.0,MASTER TYLER,IMO9653226,WDG2256,30.0
367513750,2020-01-01T03:37:37,29.35552,-90.25027,0.0,360.0,511.0,MASTER TYLER,IMO9653226,WDG2256,30.0
367007750,2020-01-01T03:38:07,29.25008,-89.34714,0.0,275.1,511.0,MASTER TYLER,,WDC3431,31.0
367007750,2020-01-01T03:39:08,29.25011,-89.34713,0.0,272.1,511.0,MASTER TYLER,,WDC3431,31.0
367513750,2020-01-01T03:39:48,29.35553,-90.25026,0.0,360.0,511.0,MASTER TYLER,IMO9653226,WDG2256,30.0
367513750,2020-01-01T03:40:56,29.35553,-90.25026,0.0,360.0,511.0,MASTER TYLER,IMO9653226,WDG2256,30.0
367007750,2020-01-01T03:41:08,29.25014,-89.3472,0.0,263.0,511.0,MASTER TYLER,,WDC3431,31.0
367007750,2020-01-01T03:42:37,29.25007,-89.34717,0.0,260.9,511.0,MASTER TYLER,,WDC3431,31.0
367513750,2020-01-01T03:43:07,29.35552,-90.25026,0.0,360.0,511.0,MASTER TYLER,IMO9653226,WDG2256,30.0
367007750,2020-01-01T03:43:57,29.25008,-89.34717,0.0,259.0,511.0,MASTER TYLER,,WDC3431,31.0
367513750,2020-01-01T03:44:36,29.35552,-90.25026,0.0,360.0,511.0,MASTER TYLER,IMO9653226,WDG2256,30.0
367513750,2020-01-01T03:45:47,29.35553,-90.25028,0.0,360.0,511.0,MASTER TYLER,IMO9653226,WDG2256,30.0
367007750,2020-01-01T03:45:57,29.2501,-89.34718,0.0,242.2,511.0,MASTER TYLER,,WDC3431,31.0
367007750,2020-01-01T03:47:18,29.25007,-89.34711,0.0,240.0,511.0,MASTER TYLER,,WDC3431,31.0
367513750,2020-01-01T03:47:27,29.35553,-90.25029,0.0,360.0,511.0,MASTER TYLER,IMO9653226,WDG2256,30.0
367007750,2020-01-01T03:48:57,29.25008,-89.34716,0.1,288.8,511.0,MASTER TYLER,,WDC3431,31.0
367513750,2020-01-01T03:49:17,29.35552,-90.25029,0.0,360.0,511.0,MASTER TYLER,IMO9653226,WDG2256,30.0
367513750,2020-01-01T03:50:47,29.35552,-90.2503,0.0,360.0,511.0,MASTER TYLER,IMO9653226,WDG2256,30.0
367007750,2020-01-01T03:50:47,29.25015,-89.347,0.3,53.7,511.0,MASTER TYLER,,WDC3431,31.0
367007750,2020-01-01T03:52:08,29.25011,-89.34683,1.0,99.9,511.0,MASTER TYLER,,WDC3431,31.0
367513750,2020-01-01T03:52:56,29.35553,-90.25029,0.0,360.0,511.0,MASTER TYLER,IMO9653226,WDG2256,30.0
367007750,2020-01-01T03:53:18,29.25001,-89.34686,0.1,286.8,511.0,MASTER TYLER,,WDC3431,31.0
367513750,2020-01-01T03:54:47,29.35553,-90.25028,0.0,360.0,511.0,MASTER TYLER,IMO9653226,WDG2256,30.0
367007750,2020-01-01T03:54:57,29.24994,-89.34682,0.0,208.5,511.0,MASTER TYLER,,WDC3431,31.0
367007750,2020-01-01T03:56:08,29.24994,-89.34682,0.0,239.0,511.0,MASTER TYLER,,WDC3431,31.0
367513750,2020-01-01T03:56:16,29.35552,-90.25028,0.0,360.0,511.0,MASTER TYLER,IMO9653226,WDG2256,30.0
367007750,2020-01-01T03:57:18,29.24997,-89.34681,0.0,266.0,511.0,MASTER TYLER,,WDC3431,31.0
367513750,2020-01-01T03:57:37,29.35552,-90.25028,0.0,360.0,511.0,MASTER TYLER,IMO9653226,WDG2256,30.0
367513750,2020-01-01T03:59:08,29.35553,-90.25029,0.0,360.0,511.0,MASTER TYLER,IMO9653226,WDG2256,30.0
367007750,2020-01-01T03:59:08,29.24997,-89.34683,0.0,272.1,511.0,MASTER TYLER,,WDC3431,31.0
367007750,2020-01-01T04:00:08,29.25004,-89.34687,0.7,341.9,511.0,MASTER TYLER,,WDC3431,31.0
367513750,2020-01-01T04:00:08,29.35552,-90.25028,0.0,360.0,511.0,MASTER TYLER,IMO9653226,WDG2256,30.0
367007750,2020-01-01T04:01:18,29.25012,-89.34646,5.6,331.5,511.0,MASTER TYLER,,WDC3431,31.0
367513750,2020-01-01T04:01:47,29.35552,-90.25028,0.0,360.0,511.0,MASTER TYLER,IMO9653226,WDG2256,30.0
367007750,2020-01-01T04:02:27,29.25175,-89.34681,0.9,338.9,511.0,MASTER TYLER,,WDC3431,31.0
367513750,2020-01-01T04:03:27,29.35552,-90.25026,0.0,360.0,511.0,MASTER TYLER,IMO9653226,WDG2256,30.0
367007750,2020-01-01T04:03:38,29.2508,-89.34661,6.2,157.5,511.0,MASTER TYLER,,WDC3431,31.0
367513750,2020-01-01T04:04:38,29.35553,-90.25026,0.0,360.0,511.0,MASTER TYLER,IMO9653226,WDG2256,30.0
367007750,2020-01-01T04:04:48,29.24878,-89.34587,8.7,165.0,511.0,MASTER TYLER,,WDC3431,31.0
367513750,2020-01-01T04:05:47,29.35553,-90.25026,0.0,360.0,511.0,MASTER TYLER,IMO9653226,WDG2256,30.0
367007750,2020-01-01T04:05:57,29.24749,-89.3457,3.2,210.2,511.0,MASTER TYLER,,WDC3431,31.0
367513750,2020-01-01T04:06:56,29.35553,-90.25027,0.0,360.0,511.0,MASTER TYLER,IMO9653226,WDG2256,30.0
367007750,2020-01-01T04:07:18,29.24765,-89.34594,0.1,324.4,511.0,MASTER TYLER,,WDC3431,31.0
367513750,2020-01-01T04:08:17,29.35553,-90.25027,0.0,360.0,511.0,MASTER TYLER,IMO9653226,WDG2256,30.0
367007750,2020-01-01T04:08:29,29.24767,-89.34593,0.1,352.0,511.0,MASTER TYLER,,WDC3431,31.0
367513750,2020-01-01T04:09:26,29.35552,-90.25027,0.0,360.0,511.0,MASTER TYLER,IMO9653226,WDG2256,30.0
367007750,2020-01-01T04:09:39,29.24768,-89.34597,0.3,355.2,511.0,MASTER TYLER,,WDC3431,31.0
367513750,2020-01-01T04:10:37,29.35551,-90.25026,0.0,360.0,511.0,MASTER TYLER,IMO9653226,WDG2256,30.0
367007750,2020-01-01T04:10:48,29.24773,-89.34592,0.1,39.9,511.0,MASTER TYLER,,WDC3431,31.0
367007750,2020-01-01T04:11:58,29.2477,-89.34595,0.2,154.9,511.0,MASTER TYLER,,WDC3431,31.0
367513750,2020-01-01T04:12:27,29.35552,-90.25026,0.0,360.0,511.0,MASTER TYLER,IMO9653226,WDG2256,30.0
367007750,2020-01-01T04:13:08,29.24767,-89.34598,0.1,238.4,511.0,MASTER TYLER,,WDC3431,31.0
367513750,2020-01-01T04:13:58,29.35551,-90.25025,0.0,360.0,511.0,MASTER TYLER,IMO9653226,WDG2256,30.0
367007750,2020-01-01T04:14:17,29.24763,-89.34592,1.3,144.5,511.0,MASTER TYLER,,WDC3431,31.0
367513750,2020-01-01T04:15:07,29.35551,-90.25024,0.0,360.0,511.0,MASTER TYLER,IMO9653226,WDG2256,30.0
367007750,2020-01-01T04:15:37,29.24827,-89.34569,4.5,356.4,511.0,MASTER TYLER,,WDC3431,31.0
367513750,2020-01-01T04:16:17,29.35551,-90.25025,0.0,360.0,511.0,MASTER TYLER,IMO9653226,WDG2256,30.0
367007750,2020-01-01T04:16:48,29.24981,-89.34604,4.9,352.8,511.0,MASTER TYLER,,WDC3431,31.0
367513750,2020-01-01T04:18:07,29.35553,-90.25028,0.0,360.0,511.0,MASTER TYLER,IMO9653226,WDG2256,30.0
367007750,2020-01-01T04:18:17,29.25186,-89.34663,5.3,340.6,511.0,MASTER TYLER,,WDC3431,31.0
367513750,2020-01-01T04:19:17,29.35553,-90.25029,0.0,360.0,511.0,MASTER TYLER,IMO9653226,WDG2256,30.0
367007750,2020-01-01T04:20:17,29.25457,-89.34779,5.1,337.2,511.0,MASTER TYLER,,WDC3431,31.0
367513750,2020-01-01T04:20:28,29.35553,-90.25029,0.0,360.0,511.0,MASTER TYLER,IMO9653226,WDG2256,30.0
367007750,2020-01-01T04:21:18,29.2559,-89.34851,5.2,331.3,511.0,MASTER TYLER,,WDC3431,31.0
367007750,2020-01-01T04:22:19,29.25718,-89.34923,5.1,327.4,511.0,MASTER TYLER,,WDC3431,31.0
367513750,2020-01-01T04:22:28,29.35553,-90.25028,0.0,360.0,511.0,MASTER TYLER,IMO9653226,WDG2256,30.0
367007750,2020-01-01T04:24:37,29.25747,-89.35256,7.9,226.2,511.0,MASTER TYLER,,WDC3431,31.0
367513750,2020-01-01T04:24:46,29.35552,-90.25028,0.0,360.0,511.0,MASTER TYLER,IMO9653226,WDG2256,30.0
367007750,2020-01-01T04:25:58,29.25533,-89.35469,7.6,218.2,511.0,MASTER TYLER,,WDC3431,31.0
367513750,2020-01-01T04:25:58,29.35552,-90.25028,0.0,360.0,511.0,MASTER TYLER,IMO9653226,WDG2256,30.0
367007750,2020-01-01T04:27:58,29.25191,-89.35742,5.4,212.6,511.0,MASTER TYLER,,WDC3431,31.0
367513750,2020-01-01T04:28:26,29.35554,-90.25029,0.0,360.0,511.0,MASTER TYLER,IMO9653226,WDG2256,30.0
367007750,2020-01-01T04:29:37,29.25156,-89.35793,0.1,275.7,511.0,MASTER TYLER,,WDC3431,31.0
367513750,2020-01-01T04:29:47,29.35555,-90.2503,0.0,360.0,511.0,MASTER TYLER,IMO9653226,WDG2256,30.0
367007750,2020-01-01T04:30:58,29.25156,-89.35794,0.0,285.3,511.0,MASTER TYLER,,WDC3431,31.0
367513750,2020-01-01T04:31:47,29.35553,-90.25029,0.0,360.0,511.0,MASTER TYLER,IMO9653226,WDG2256,30.0
367007750,2020-01-01T04:32:38,29.25155,-89.35795,0.0,281.2,511.0,MASTER TYLER,,WDC3431,31.0
367513750,2020-01-01T04:33:47,29.35552,-90.25028,0.0,360.0,511.0,MASTER TYLER,IMO9653226,WDG2256,30.0
367007750,2020-01-01T04:34:07,29.25155,-89.35795,0.0,277.7,511.0,MASTER TYLER,,WDC3431,31.0
367513750,2020-01-01T04:35:06,29.35552,-90.25029,0.0,360.0,511.0,MASTER TYLER,IMO9653226,WDG2256,30.0
367007750,2020-01-01T04:35:28,29.25155,-89.35795,0.0,282.8,511.0,MASTER TYLER,,WDC3431,31.0
367513750,2020-01-01T04:36:56,29.35552,-90.25029,0.0,360.0,511.0,MASTER TYLER,IMO9653226,WDG2256,30.0
367007750,2020-01-01T04:37:28,29.25154,-89.35795,0.0,283.6,511.0,MASTER TYLER,,WDC3431,31.0
367513750,2020-01-01T04:38:06,29.35551,-90.25029,0.0,360.0,511.0,MASTER TYLER,IMO9653226,WDG2256,30.0
367007750,2020-01-01T04:38:48,29.25156,-89.35795,0.0,282.1,511.0,MASTER TYLER,,WDC3431,31.0
367513750,2020-01-01T04:39:26,29.35551,-90.25028,0.0,360.0,511.0,MASTER TYLER,IMO9653226,WDG2256,30.0
367007750,2020-01-01T04:39:58,29.25156,-89.35795,0.0,280.8,511.0,MASTER TYLER,,WDC3431,31.0
367513750,2020-01-01T04:40:36,29.35552,-90.25028,0.0,360.0,511.0,MASTER TYLER,IMO9653226,WDG2256,30.0
367513750,2020-01-01T04:41:56,29.35552,-90.25027,0.0,360.0,511.0,MASTER TYLER,IMO9653226,WDG2256,30.0
367007750,2020-01-01T04:42:58,29.25155,-89.35797,0.0,276.5,511.0,MASTER TYLER,,WDC3431,31.0
367513750,2020-01-01T04:43:06,29.35553,-90.25027,0.0,360.0,511.0,MASTER TYLER,IMO9653226,WDG2256,30.0
367007750,2020-01-01T04:44:17,29.25156,-89.35795,0.0,278.5,511.0,MASTER TYLER,,WDC3431,31.0
367513750,2020-01-01T04:45:06,29.35553,-90.25028,0.0,360.0,511.0,MASTER TYLER,IMO9653226,WDG2256,30.0
367007750,2020-01-01T04:45:27,29.25157,-89.35796,0.0,277.7,511.0,MASTER TYLER,,WDC3431,31.0
367513750,2020-01-01T04:46:27,29.35552,-90.25029,0.0,360.0,511.0,MASTER TYLER,IMO9653226,WDG2256,30.0
367007750,2020-01-01T04:46:47,29.25158,-89.35796,0.0,274.7,511.0,MASTER TYLER,,WDC3431,31.0
367513750,2020-01-01T04:47:57,29.35551,-90.25029,0.0,360.0,511.0,MASTER TYLER,IMO9653226,WDG2256,30.0
367007750,2020-01-01T04:48:17,29.25157,-89.35796,0.0,273.2,511.0,MASTER TYLER,,WDC3431,31.0
367007750,2020-01-01T04:49:27,29.25158,-89.35796,0.0,273.1,511.0,MASTER TYLER,,WDC3431,31.0
367007750,2020-01-01T04:50:38,29.25158,-89.35797,0.0,270.0,511.0,MASTER TYLER,,WDC3431,31.0
367513750,2020-01-01T04:50:57,29.35551,-90.25027,0.0,360.0,511.0,MASTER TYLER,IMO9653226,WDG2256,30.0
367513750,2020-01-01T04:52:27,29.35552,-90.25028,0.0,360.0,511.0,MASTER TYLER,IMO9653226,WDG2256,30.0
367007750,2020-01-01T04:53:27,29.25158,-89.35796,0.0,279.0,511.0,MASTER TYLER,,WDC3431,31.0
367513750,2020-01-01T04:54:06,29.35552,-90.25029,0.0,360.0,511.0,MASTER TYLER,IMO9653226,WDG2256,30.0
367513750,2020-01-01T04:55:26,29.35553,-90.25026,0.0,360.0,511.0,MASTER TYLER,IMO9653226,WDG2256,30.0
367007750,2020-01-01T04:56:47,29.25157,-89.35796,0.0,290.3,511.0,MASTER TYLER,,WDC3431,31.0
367513750,2020-01-01T04:57:38,29.35553,-90.25027,0.0,360.0,511.0,MASTER TYLER,IMO9653226,WDG2256,30.0
367513750,2020-01-01T04:58:48,29.35553,-90.25026,0.0,360.0,511.0,MASTER TYLER,IMO9653226,WDG2256,30.0
367007750,2020-01-01T04:59:28,29.25158,-89.35796,0.0,296.8,511.0,MASTER TYLER,,WDC3431,31.0
367513750,2020-01-01T04:59:58,29.35554,-90.25026,0.0,360.0,511.0,MASTER TYLER,IMO9653226,WDG2256,30.0
367007750,2020-01-01T05:00:08,29.25159,-89.35798,0.0,295.8,511.0,MASTER TYLER,,WDC3431,31.0
367513750,2020-01-01T05:00:17,29.35553,-90.25026,0.0,360.0,511.0,MASTER TYLER,IMO9653226,WDG2256,30.0
367007750,2020-01-01T05:01:18,29.25158,-89.35796,0.0,300.1,511.0,MASTER TYLER,,WDC3431,31.0
367513750,2020-01-01T05:01:26,29.35553,-90.25026,0.0,360.0,511.0,MASTER TYLER,IMO9653226,WDG2256,30.0
367007750,2020-01-01T05:02:29,29.25158,-89.35797,0.0,302.7,511.0,MASTER TYLER,,WDC3431,31.0
367513750,2020-01-01T05:02:47,29.35553,-90.25027,0.0,360.0,511.0,MASTER TYLER,IMO9653226,WDG2256,30.0
367007750,2020-01-01T05:03:38,29.25156,-89.35796,0.0,305.9,511.0,MASTER TYLER,,WDC3431,31.0
367513750,2020-01-01T05:04:07,29.35554,-90.25027,0.0,360.0,511.0,MASTER TYLER,IMO9653226,WDG2256,30.0
367007750,2020-01-01T05:04:48,29.25157,-89.35797,0.0,304.6,511.0,MASTER TYLER,,WDC3431,31.0
367513750,2020-01-01T05:05:17,29.35553,-90.25026,0.0,360.0,511.0,MASTER TYLER,IMO9653226,WDG2256,30.0
367007750,2020-01-01T05:05:58,29.25156,-89.35798,0.0,307.5,511.0,MASTER TYLER,,WDC3431,31.0
367513750,2020-01-01T05:06:27,29.35552,-90.25027,0.0,360.0,511.0,MASTER TYLER,IMO9653226,WDG2256,30.0
367007750,2020-01-01T05:07:07,29.25153,-89.35794,0.0,309.4,511.0,MASTER TYLER,,WDC3431,31.0
367513750,2020-01-01T05:07:37,29.35553,-90.25027,0.0,360.0,511.0,MASTER TYLER,IMO9653226,WDG2256,30.0
367007750,2020-01-01T05:08:19,29.25154,-89.35792,0.0,308.1,511.0,MASTER TYLER,,WDC3431,31.0
367513750,2020-01-01T05:08:57,29.35552,-90.25027,0.0,360.0,511.0,MASTER TYLER,IMO9653226,WDG2256,30.0
367007750,2020-01-01T05:09:48,29.25154,-89.35796,0.0,309.5,511.0,MASTER TYLER,,WDC3431,31.0
367513750,2020-01-01T05:10:07,29.35552,-90.25027,0.0,360.0,511.0,MASTER TYLER,IMO9653226,WDG2256,30.0
367007750,2020-01-01T05:11:28,29.25157,-89.35796,0.0,311.6,511.0,MASTER TYLER,,WDC3431,31.0
367513750,2020-01-01T05:11:37,29.35552,-90.25029,0.0,360.0,511.0,MASTER TYLER,IMO9653226,WDG2256,30.0
367007750,2020-01-01T05:12:38,29.25158,-89.35797,0.0,309.3,511.0,MASTER TYLER,,WDC3431,31.0
367513750,2020-01-01T05:12:57,29.35552,-90.25028,0.0,360.0,511.0,MASTER TYLER,IMO9653226,WDG2256,30.0
367007750,2020-01-01T05:13:39,29.25157,-89.35796,0.0,312.0,511.0,MASTER TYLER,,WDC3431,31.0
367513750,2020-01-01T05:14:16,29.35553,-90.25028,0.0,360.0,511.0,MASTER TYLER,IMO9653226,WDG2256,30.0
367007750,2020-01-01T05:14:49,29.25157,-89.35794,0.0,312.7,511.0,MASTER TYLER,,WDC3431,31.0
367513750,2020-01-01T05:15:28,29.35554,-90.25029,0.0,360.0,511.0,MASTER TYLER,IMO9653226,WDG2256,30.0
367007750,2020-01-01T05:15:58,29.25157,-89.35796,0.0,312.4,511.0,MASTER TYLER,,WDC3431,31.0
367513750,2020-01-01T05:16:48,29.35554,-90.2503,0.0,360.0,511.0,MASTER TYLER,IMO9653226,WDG2256,30.0
367007750,2020-01-01T05:17:07,29.25158,-89.35795,0.0,313.9,511.0,MASTER TYLER,,WDC3431,31.0
367007750,2020-01-01T05:18:08,29.25156,-89.35797,0.0,313.2,511.0,MASTER TYLER,,WDC3431,31.0
367513750,2020-01-01T05:18:16,29.35554,-90.25029,0.0,360.0,511.0,MASTER TYLER,IMO9653226,WDG2256,30.0
367007750,2020-01-01T05:19:18,29.25157,-89.35796,0.0,307.5,511.0,MASTER TYLER,,WDC3431,31.0
367513750,2020-01-01T05:19:48,29.35554,-90.25029,0.0,360.0,511.0,MASTER TYLER,IMO9653226,WDG2256,30.0
367007750,2020-01-01T05:20:29,29.25156,-89.35796,0.0,302.6,511.0,MASTER TYLER,,WDC3431,31.0
367513750,2020-01-01T05:21:37,29.35554,-90.2503,0.0,360.0,511.0,MASTER TYLER,IMO9653226,WDG2256,30.0
367007750,2020-01-01T05:21:47,29.25158,-89.35796,0.0,294.9,511.0,MASTER TYLER,,WDC3431,31.0
367513750,2020-01-01T05:22:58,29.35554,-90.25029,0.0,360.0,511.0,MASTER TYLER,IMO9653226,WDG2256,30.0
367007750,2020-01-01T05:23:18,29.25159,-89.35795,0.0,292.4,511.0,MASTER TYLER,,WDC3431,31.0
367513750,2020-01-01T05:24:08,29.35553,-90.25029,0.0,360.0,511.0,MASTER TYLER,IMO9653226,WDG2256,30.0
367007750,2020-01-01T05:24:29,29.25167,-89.35781,3.3,33.7,511.0,MASTER TYLER,,WDC3431,31.0
367513750,2020-01-01T05:25:16,29.35554,-90.25029,0.0,360.0,511.0,MASTER TYLER,IMO9653226,WDG2256,30.0
367007750,2020-01-01T05:26:18,29.25371,-89.35598,5.4,29.0,511.0,MASTER TYLER,,WDC3431,31.0
367513750,2020-01-01T05:26:18,29.35555,-90.25029,0.0,360.0,511.0,MASTER TYLER,IMO9653226,WDG2256,30.0
367007750,2020-01-01T05:27:28,29.25514,-89.35484,5.5,37.7,511.0,MASTER TYLER,,WDC3431,31.0
367513750,2020-01-01T05:27:36,29.35554,-90.2503,0.0,360.0,511.0,MASTER TYLER,IMO9653226,WDG2256,30.0
367007750,2020-01-01T05:29:18,29.25739,-89.35258,5.5,46.6,511.0,MASTER TYLER,,WDC3431,31.0
367513750,2020-01-01T05:29:47,29.35553,-90.2503,0.0,360.0,511.0,MASTER TYLER,IMO9653226,WDG2256,30.0
367007750,2020-01-01T05:30:28,29.25826,-89.3509,6.3,100.3,511.0,MASTER TYLER,,WDC3431,31.0
367513750,2020-01-01T05:30:57,29.35553,-90.2503,0.0,360.0,511.0,MASTER TYLER,IMO9653226,WDG2256,30.0
367513750,2020-01-01T05:32:17,29.35554,-90.2503,0.0,360.0,511.0,MASTER TYLER,IMO9653226,WDG2256,30.0
367007750,2020-01-01T05:32:18,29.25539,-89.34804,8.1,160.8,511.0,MASTER TYLER,,WDC3431,31.0
367513750,2020-01-01T05:33:18,29.35554,-90.2503,0.0,360.0,511.0,MASTER TYLER,IMO9653226,WDG2256,30.0
367007750,2020-01-01T05:33:28,29.25284,-89.34712,8.2,164.2,511.0,MASTER TYLER,,WDC3431,31.0
367513750,2020-01-01T05:34:26,29.35554,-90.2503,0.0,360.0,511.0,MASTER TYLER,IMO9653226,WDG2256,30.0
367007750,2020-01-01T05:34:38,29.25061,-89.34659,4.3,182.7,511.0,MASTER TYLER,,WDC3431,31.0
367513750,2020-01-01T05:36:08,29.35554,-90.2503,0.0,360.0,511.0,MASTER TYLER,IMO9653226,WDG2256,30.0
367007750,2020-01-01T05:36:28,29.25009,-89.34716,0.2,255.9,511.0,MASTER TYLER,,WDC3431,31.0
367513750,2020-01-01T05:37:17,29.35554,-90.2503,0.0,360.0,511.0,MASTER TYLER,IMO9653226,WDG2256,30.0
367007750,2020-01-01T05:37:38,29.25011,-89.34715,0.0,226.0,511.0,MASTER TYLER,,WDC3431,31.0
367513750,2020-01-01T05:39:17,29.35555,-90.25029,0.0,360.0,511.0,MASTER TYLER,IMO9653226,WDG2256,30.0
367007750,2020-01-01T05:39:38,29.25012,-89.3472,0.0,242.2,511.0,MASTER TYLER,,WDC3431,31.0
367513750,2020-01-01T05:40:36,29.35557,-90.2503,0.0,360.0,511.0,MASTER TYLER,IMO9653226,WDG2256,30.0
367007750,2020-01-01T05:41:28,29.25012,-89.34715,0.0,257.2,511.0,MASTER TYLER,,WDC3431,31.0
367513750,2020-01-01T05:42:26,29.35555,-90.2503,0.0,360.0,511.0,MASTER TYLER,IMO9653226,WDG2256,30.0
367513750,2020-01-01T05:43:36,29.35555,-90.25029,0.0,360.0,511.0,MASTER TYLER,IMO9653226,WDG2256,30.0
367007750,2020-01-01T05:44:18,29.25012,-89.3471,0.0,275.1,511.0,MASTER TYLER,,WDC3431,31.0
367513750,2020-01-01T05:45:15,29.35557,-90.2503,0.0,360.0,511.0,MASTER TYLER,IMO9653226,WDG2256,30.0
367007750,2020-01-01T05:46:08,29.25012,-89.3471,0.0,277.8,511.0,MASTER TYLER,,WDC3431,31.0
367513750,2020-01-01T05:46:26,29.35557,-90.25029,0.0,360.0,511.0,MASTER TYLER,IMO9653226,WDG2256,30.0
367513750,2020-01-01T05:47:46,29.35555,-90.25029,0.0,360.0,511.0,MASTER TYLER,IMO9653226,WDG2256,30.0
367007750,2020-01-01T05:47:48,29.25009,-89.34714,0.0,281.4,511.0,MASTER TYLER,,WDC3431,31.0
367513750,2020-01-01T05:50:17,29.35557,-90.25026,0.0,360.0,511.0,MASTER TYLER,IMO9653226,WDG2256,30.0
367007750,2020-01-01T05:50:37,29.25009,-89.34715,0.0,287.9,511.0,MASTER TYLER,,WDC3431,31.0
367513750,2020-01-01T05:51:46,29.35555,-90.25028,0.0,360.0,511.0,MASTER TYLER,IMO9653226,WDG2256,30.0
367007750,2020-01-01T05:53:38,29.25013,-89.34712,0.0,286.7,511.0,MASTER TYLER,,WDC3431,31.0
367513750,2020-01-01T05:53:47,29.35552,-90.25026,0.0,360.0,511.0,MASTER TYLER,IMO9653226,WDG2256,30.0
367513750,2020-01-01T05:55:07,29.35553,-90.25025,0.0,360.0,511.0,MASTER TYLER,IMO9653226,WDG2256,30.0
367513750,2020-01-01T05:56:17,29.35555,-90.25025,0.0,360.0,511.0,MASTER TYLER,IMO9653226,WDG2256,30.0
367007750,2020-01-01T05:56:38,29.2501,-89.34711,0.0,287.8,511.0,MASTER TYLER,,WDC3431,31.0
367513750,2020-01-01T05:58:17,29.35555,-90.25026,0.0,360.0,511.0,MASTER TYLER,IMO9653226,WDG2256,30.0
367007750,2020-01-01T05:59:18,29.25009,-89.34713,0.0,286.3,511.0,MASTER TYLER,,WDC3431,31.0
367513750,2020-01-01T05:59:36,29.35554,-90.25027,0.0,360.0,511.0,MASTER TYLER,IMO9653226,WDG2256,30.0
367513750,2020-01-01T06:00:07,29.35554,-90.25027,0.0,360.0,511.0,MASTER TYLER,IMO9653226,WDG2256,30.0
367007750,2020-01-01T06:00:09,29.25014,-89.3471,0.0,287.1,511.0,MASTER TYLER,,WDC3431,31.0
367513750,2020-01-01T06:01:17,29.35555,-90.25026,0.0,360.0,511.0,MASTER TYLER,IMO9653226,WDG2256,30.0
367007750,2020-01-01T06:01:18,29.25013,-89.34714,0.0,277.1,511.0,MASTER TYLER,,WDC3431,31.0
367513750,2020-01-01T06:02:26,29.35555,-90.25026,0.0,360.0,511.0,MASTER TYLER,IMO9653226,WDG2256,30.0
367007750,2020-01-01T06:02:28,29.25007,-89.34707,0.0,275.8,511.0,MASTER TYLER,,WDC3431,31.0
367513750,2020-01-01T06:03:36,29.35555,-90.25026,0.0,360.0,511.0,MASTER TYLER,IMO9653226,WDG2256,30.0
367007750,2020-01-01T06:03:47,29.25008,-89.34709,0.0,266.4,511.0,MASTER TYLER,,WDC3431,31.0
367513750,2020-01-01T06:04:47,29.35553,-90.25027,0.0,360.0,511.0,MASTER TYLER,IMO9653226,WDG2256,30.0
367007750,2020-01-01T06:04:58,29.25007,-89.34704,0.0,262.1,511.0,MASTER TYLER,,WDC3431,31.0
367513750,2020-01-01T06:06:07,29.35553,-90.25026,0.0,360.0,511.0,MASTER TYLER,IMO9653226,WDG2256,30.0
367007750,2020-01-01T06:06:08,29.25013,-89.34709,0.0,256.3,511.0,MASTER TYLER,,WDC3431,31.0
367007750,2020-01-01T06:07:18,29.25013,-89.34707,0.0,247.8,511.0,MASTER TYLER,,WDC3431,31.0
367513750,2020-01-01T06:07:37,29.35551,-90.25025,0.0,360.0,511.0,MASTER TYLER,IMO9653226,WDG2256,30.0
367007750,2020-01-01T06:08:27,29.25008,-89.34709,0.0,243.2,511.0,MASTER TYLER,,WDC3431,31.0
367513750,2020-01-01T06:09:17,29.3555,-90.25026,0.0,360.0,511.0,MASTER TYLER,IMO9653226,WDG2256,30.0
367007750,2020-01-01T06:09:37,29.25006,-89.34709,0.0,244.4,511.0,MASTER TYLER,,WDC3431,31.0
367513750,2020-01-01T06:10:37,29.35549,-90.25025,0.0,360.0,511.0,MASTER TYLER,IMO9653226,WDG2256,30.0
367007750,2020-01-01T06:10:49,29.2501,-89.34711,0.0,241.2,511.0,MASTER TYLER,,WDC3431,31.0
367007750,2020-01-01T06:11:50,29.25013,-89.34709,0.0,240.7,511.0,MASTER TYLER,,WDC3431,31.0
367513750,2020-01-01T06:12:07,29.35549,-90.25025,0.0,360.0,511.0,MASTER TYLER,IMO9653226,WDG2256,30.0
367007750,2020-01-01T06:13:37,29.25013,-89.34706,0.0,244.0,511.0,MASTER TYLER,,WDC3431,31.0
367513750,2020-01-01T06:13:47,29.35549,-90.25025,0.0,360.0,511.0,MASTER TYLER,IMO9653226,WDG2256,30.0
367007750,2020-01-01T06:14:48,29.25008,-89.34709,0.0,246.3,511.0,MASTER TYLER,,WDC3431,31.0
367513750,2020-01-01T06:15:47,29.35551,-90.25024,0.0,360.0,511.0,MASTER TYLER,IMO9653226,WDG2256,30.0
367007750,2020-01-01T06:16:18,29.25011,-89.3472,0.0,250.9,511.0,MASTER TYLER,,WDC3431,31.0
367513750,2020-01-01T06:16:48,29.35551,-90.25024,0.0,360.0,511.0,MASTER TYLER,IMO9653226,WDG2256,30.0
367007750,2020-01-01T06:18:18,29.2501,-89.34716,0.0,249.6,511.0,MASTER TYLER,,WDC3431,31.0
367513750,2020-01-01T06:18:47,29.3555,-90.25023,0.0,360.0,511.0,MASTER TYLER,IMO9653226,WDG2256,30.0
367007750,2020-01-01T06:19:28,29.25008,-89.34714,0.0,244.9,511.0,MASTER TYLER,,WDC3431,31.0
367513750,2020-01-01T06:20:16,29.35549,-90.25022,0.0,360.0,511.0,MASTER TYLER,IMO9653226,WDG2256,30.0
367513750,2020-01-01T06:21:27,29.35549,-90.25023,0.0,360.0,511.0,MASTER TYLER,IMO9653226,WDG2256,30.0
367007750,2020-01-01T06:21:48,29.25011,-89.34719,0.0,244.8,511.0,MASTER TYLER,,WDC3431,31.0
367007750,2020-01-01T06:22:57,29.25011,-89.34717,0.0,243.6,511.0,MASTER TYLER,,WDC3431,31.0
367513750,2020-01-01T06:23:27,29.35549,-90.25024,0.0,360.0,511.0,MASTER TYLER,IMO9653226,WDG2256,30.0
367007750,2020-01-01T06:24:08,29.25009,-89.34718,0.0,239.8,511.0,MASTER TYLER,,WDC3431,31.0
367513750,2020-01-01T06:24:37,29.3555,-90.25024,0.0,360.0,511.0,MASTER TYLER,IMO9653226,WDG2256,30.0
367007750,2020-01-01T06:25:47,29.25008,-89.34716,0.0,240.4,511.0,MASTER TYLER,,WDC3431,31.0
367513750,2020-01-01T06:26:56,29.35551,-90.25023,0.0,360.0,511.0,MASTER TYLER,IMO9653226,WDG2256,30.0
367007750,2020-01-01T06:27:08,29.2501,-89.34715,0.0,234.3,511.0,MASTER TYLER,,WDC3431,31.0
367513750,2020-01-01T06:28:07,29.35552,-90.25024,0.0,360.0,511.0,MASTER TYLER,IMO9653226,WDG2256,30.0
367007750,2020-01-01T06:28:57,29.25011,-89.34719,0.0,227.3,511.0,MASTER TYLER,,WDC3431,31.0
367007750,2020-01-01T06:30:08,29.25009,-89.34716,0.0,226.5,511.0,MASTER TYLER,,WDC3431,31.0
367513750,2020-01-01T06:30:36,29.35555,-90.25025,0.0,360.0,511.0,MASTER TYLER,IMO9653226,WDG2256,30.0
367007750,2020-01-01T06:31:48,29.25008,-89.3471,0.5,288.0,511.0,MASTER TYLER,,WDC3431,31.0
367513750,2020-01-01T06:32:07,29.35555,-90.25026,0.0,360.0,511.0,MASTER TYLER,IMO9653226,WDG2256,30.0
367007750,2020-01-01T06:32:58,29.25018,-89.34686,1.8,70.7,511.0,MASTER TYLER,,WDC3431,31.0
367513750,2020-01-01T06:33:17,29.35555,-90.25027,0.0,360.0,511.0,MASTER TYLER,IMO9653226,WDG2256,30.0
367007750,2020-01-01T06:34:07,29.24866,-89.34596,8.5,152.4,511.0,MASTER TYLER,,WDC3431,31.0
367513750,2020-01-01T06:35:57,29.35556,-90.25027,0.0,360.0,511.0,MASTER TYLER,IMO9653226,WDG2256,30.0
367007750,2020-01-01T06:36:07,29.24768,-89.34597,0.6,332.6,511.0,MASTER TYLER,,WDC3431,31.0
367513750,2020-01-01T06:37:17,29.35554,-90.25028,0.0,360.0,511.0,MASTER TYLER,IMO9653226,WDG2256,30.0
367007750,2020-01-01T06:38:07,29.24774,-89.3459,0.0,4.9,511.0,MASTER TYLER,,WDC3431,31.0
367513750,2020-01-01T06:38:26,29.35554,-90.25028,0.0,360.0,511.0,MASTER TYLER,IMO9653226,WDG2256,30.0
367007750,2020-01-01T06:39:17,29.24768,-89.34594,0.2,233.4,511.0,MASTER TYLER,,WDC3431,31.0
367513750,2020-01-01T06:39:56,29.35555,-90.25028,0.0,360.0,511.0,MASTER TYLER,IMO9653226,WDG2256,30.0
367007750,2020-01-01T06:40:47,29.24768,-89.34597,0.1,227.5,511.0,MASTER TYLER,,WDC3431,31.0
367513750,2020-01-01T06:41:26,29.35553,-90.25026,0.0,360.0,511.0,MASTER TYLER,IMO9653226,WDG2256,30.0
367007750,2020-01-01T06:42:38,29.24765,-89.34598,0.0,230.0,511.0,MASTER TYLER,,WDC3431,31.0
367513750,2020-01-01T06:43:26,29.35551,-90.25025,0.0,360.0,511.0,MASTER TYLER,IMO9653226,WDG2256,30.0
367513750,2020-01-01T06:44:27,29.35552,-90.25026,0.0,360.0,511.0,MASTER TYLER,IMO9653226,WDG2256,30.0
367007750,2020-01-01T06:44:47,29.24768,-89.34595,0.0,233.7,511.0,MASTER TYLER,,WDC3431,31.0
367513750,2020-01-01T06:45:37,29.35552,-90.25026,0.0,360.0,511.0,MASTER TYLER,IMO9653226,WDG2256,30.0
367007750,2020-01-01T06:45:57,29.24767,-89.34594,0.0,238.6,511.0,MASTER TYLER,,WDC3431,31.0
367007750,2020-01-01T06:47:18,29.24767,-89.34596,0.0,239.5,511.0,MASTER TYLER,,WDC3431,31.0
367513750,2020-01-01T06:48:07,29.35553,-90.25028,0.0,360.0,511.0,MASTER TYLER,IMO9653226,WDG2256,30.0
367007750,2020-01-01T06:48:27,29.24765,-89.34595,0.0,241.7,511.0,MASTER TYLER,,WDC3431,31.0
367513750,2020-01-01T06:49:16,29.35554,-90.25028,0.0,360.0,511.0,MASTER TYLER,IMO9653226,WDG2256,30.0
367007750,2020-01-01T06:49:48,29.24767,-89.34595,0.0,248.0,511.0,MASTER TYLER,,WDC3431,31.0
367513750,2020-01-01T06:50:26,29.35555,-90.25029,0.0,360.0,511.0,MASTER TYLER,IMO9653226,WDG2256,30.0
367007750,2020-01-01T06:50:49,29.24766,-89.34596,0.0,248.6,511.0,MASTER TYLER,,WDC3431,31.0
367513750,2020-01-01T06:51:47,29.35555,-90.25029,0.0,360.0,511.0,MASTER TYLER,IMO9653226,WDG2256,30.0
367007750,2020-01-01T06:51:59,29.24768,-89.34595,0.0,250.6,511.0,MASTER TYLER,,WDC3431,31.0
367007750,2020-01-01T06:53:07,29.2477,-89.34596,0.0,254.7,511.0,MASTER TYLER,,WDC3431,31.0
367007750,2020-01-01T06:54:19,29.2477,-89.34597,0.0,253.8,511.0,MASTER TYLER,,WDC3431,31.0
367513750,2020-01-01T06:54:37,29.35555,-90.25027,0.0,360.0,511.0,MASTER TYLER,IMO9653226,WDG2256,30.0
367513750,2020-01-01T06:55:57,29.35556,-90.25028,0.0,360.0,511.0,MASTER TYLER,IMO9653226,WDG2256,30.0
367007750,2020-01-01T06:57:38,29.24769,-89.34597,0.0,259.8,511.0,MASTER TYLER,,WDC3431,31.0
367513750,2020-01-01T06:58:06,29.35558,-90.2503,0.0,360.0,511.0,MASTER TYLER,IMO9653226,WDG2256,30.0
367007750,2020-01-01T06:58:48,29.24765,-89.34596,0.0,257.9,511.0,MASTER TYLER,,WDC3431,31.0
367513750,2020-01-01T06:59:15,29.35556,-90.25029,0.0,360.0,511.0,MASTER TYLER,IMO9653226,WDG2256,30.0
367513750,2020-01-01T07:00:06,29.35555,-90.25029,0.0,360.0,511.0,MASTER TYLER,IMO9653226,WDG2256,30.0
367007750,2020-01-01T07:00:08,29.24768,-89.34597,0.0,264.6,511.0,MASTER TYLER,,WDC3431,31.0
367007750,2020-01-01T07:01:18,29.24766,-89.34594,0.0,265.6,511.0,MASTER TYLER,,WDC3431,31.0
367513750,2020-01-01T07:01:26,29.35554,-90.2503,0.0,360.0,511.0,MASTER TYLER,IMO9653226,WDG2256,30.0
367007750,2020-01-01T07:02:28,29.24763,-89.34594,0.0,273.5,511.0,MASTER TYLER,,WDC3431,31.0
367513750,2020-01-01T07:02:36,29.35555,-90.25029,0.0,360.0,511.0,MASTER TYLER,IMO9653226,WDG2256,30.0
367513750,2020-01-01T07:03:37,29.35556,-90.2503,0.0,360.0,511.0,MASTER TYLER,IMO9653226,WDG2256,30.0
367007750,2020-01-01T07:03:47,29.24766,-89.34596,0.0,282.8,511.0,MASTER TYLER,,WDC3431,31.0
367513750,2020-01-01T07:04:57,29.35555,-90.25029,0.0,360.0,511.0,MASTER TYLER,IMO9653226,WDG2256,30.0
367007750,2020-01-01T07:05:08,29.24765,-89.34595,0.0,284.7,511.0,MASTER TYLER,,WDC3431,31.0
367513750,2020-01-01T07:06:06,29.35556,-90.25029,0.0,360.0,511.0,MASTER TYLER,IMO9653226,WDG2256,30.0
367007750,2020-01-01T07:06:18,29.24764,-89.34598,0.0,281.2,511.0,MASTER TYLER,,WDC3431,31.0
367513750,2020-01-01T07:07:17,29.35555,-90.25028,0.0,360.0,511.0,MASTER TYLER,IMO9653226,WDG2256,30.0
367007750,2020-01-01T07:07:37,29.24765,-89.34597,0.0,285.6,511.0,MASTER TYLER,,WDC3431,31.0
367513750,2020-01-01T07:08:25,29.35554,-90.25028,0.0,360.0,511.0,MASTER TYLER,IMO9653226,WDG2256,30.0
367007750,2020-01-01T07:08:47,29.24766,-89.34597,0.0,280.4,511.0,MASTER TYLER,,WDC3431,31.0
367513750,2020-01-01T07:09:26,29.35554,-90.25027,0.0,360.0,511.0,MASTER TYLER,IMO9653226,WDG2256,30.0
367007750,2020-01-01T07:09:48,29.24764,-89.34598,0.0,277.7,511.0,MASTER TYLER,,WDC3431,31.0
367513750,2020-01-01T07:10:27,29.35553,-90.25028,0.0,360.0,511.0,MASTER TYLER,IMO9653226,WDG2256,30.0
367007750,2020-01-01T07:10:58,29.24764,-89.346,0.0,281.7,511.0,MASTER TYLER,,WDC3431,31.0
367513750,2020-01-01T07:11:36,29.35554,-90.25028,0.0,360.0,511.0,MASTER TYLER,IMO9653226,WDG2256,30.0
367007750,2020-01-01T07:12:28,29.24765,-89.34597,0.0,279.0,511.0,MASTER TYLER,,WDC3431,31.0
367513750,2020-01-01T07:12:56,29.35552,-90.25029,0.0,360.0,511.0,MASTER TYLER,IMO9653226,WDG2256,30.0
367007750,2020-01-01T07:13:37,29.24766,-89.34598,0.0,277.5,511.0,MASTER TYLER,,WDC3431,31.0
367513750,2020-01-01T07:14:07,29.35551,-90.25029,0.1,360.0,511.0,MASTER TYLER,IMO9653226,WDG2256,30.0
367007750,2020-01-01T07:14:47,29.24768,-89.34597,0.0,288.5,511.0,MASTER TYLER,,WDC3431,31.0
367513750,2020-01-01T07:15:08,29.3555,-90.25028,0.0,360.0,511.0,MASTER TYLER,IMO9653226,WDG2256,30.0
367007750,2020-01-01T07:15:58,29.24767,-89.34597,0.0,282.8,511.0,MASTER TYLER,,WDC3431,31.0
367513750,2020-01-01T07:16:16,29.3555,-90.25027,0.0,360.0,511.0,MASTER TYLER,IMO9653226,WDG2256,30.0
367007750,2020-01-01T07:16:59,29.24767,-89.34597,0.0,287.3,511.0,MASTER TYLER,,WDC3431,31.0
367513750,2020-01-01T07:17:27,29.35552,-90.25026,0.0,360.0,511.0,MASTER TYLER,IMO9653226,WDG2256,30.0
367513750,2020-01-01T07:18:36,29.35551,-90.25026,0.0,360.0,511.0,MASTER TYLER,IMO9653226,WDG2256,30.0
367007750,2020-01-01T07:18:37,29.24767,-89.34599,0.0,284.4,511.0,MASTER TYLER,,WDC3431,31.0
367513750,2020-01-01T07:19:47,29.35551,-90.25025,0.0,360.0,511.0,MASTER TYLER,IMO9653226,WDG2256,30.0
367007750,2020-01-01T07:19:48,29.24768,-89.34598,0.0,288.1,511.0,MASTER TYLER,,WDC3431,31.0
367007750,2020-01-01T07:20:58,29.24767,-89.34596,0.0,283.4,511.0,MASTER TYLER,,WDC3431,31.0
367513750,2020-01-01T07:21:07,29.35552,-90.25025,0.0,360.0,511.0,MASTER TYLER,IMO9653226,WDG2256,30.0
367007750,2020-01-01T07:22:18,29.24768,-89.34595,0.0,282.8,511.0,MASTER TYLER,,WDC3431,31.0
367513750,2020-01-01T07:22:36,29.35553,-90.25026,0.0,360.0,511.0,MASTER TYLER,IMO9653226,WDG2256,30.0
367007750,2020-01-01T07:23:37,29.24767,-89.34597,0.0,274.9,511.0,MASTER TYLER,,WDC3431,31.0
367513750,2020-01-01T07:24:27,29.35555,-90.25026,0.0,360.0,511.0,MASTER TYLER,IMO9653226,WDG2256,30.0
367007750,2020-01-01T07:24:38,29.24767,-89.34598,0.0,274.4,511.0,MASTER TYLER,,WDC3431,31.0
367513750,2020-01-01T07:25:57,29.35554,-90.25026,0.0,360.0,511.0,MASTER TYLER,IMO9653226,WDG2256,30.0
367007750,2020-01-01T07:25:58,29.24767,-89.34597,0.0,267.4,511.0,MASTER TYLER,,WDC3431,31.0
367513750,2020-01-01T07:27:07,29.35554,-90.25027,0.0,360.0,511.0,MASTER TYLER,IMO9653226,WDG2256,30.0
367007750,2020-01-01T07:27:08,29.24765,-89.34597,0.0,276.1,511.0,MASTER TYLER,,WDC3431,31.0
367513750,2020-01-01T07:28:17,29.35553,-90.25027,0.0,360.0,511.0,MASTER TYLER,IMO9653226,WDG2256,30.0
367007750,2020-01-01T07:28:58,29.24766,-89.34597,0.0,271.3,511.0,MASTER TYLER,,WDC3431,31.0
367513750,2020-01-01T07:29:27,29.35553,-90.25028,0.0,360.0,511.0,MASTER TYLER,IMO9653226,WDG2256,30.0
367007750,2020-01-01T07:29:59,29.24765,-89.34597,0.0,259.9,511.0,MASTER TYLER,,WDC3431,31.0
367513750,2020-01-01T07:30:46,29.35553,-90.25028,0.0,360.0,511.0,MASTER TYLER,IMO9653226,WDG2256,30.0
367007750,2020-01-01T07:31:08,29.24766,-89.34595,0.0,256.3,511.0,MASTER TYLER,,WDC3431,31.0
367513750,2020-01-01T07:31:57,29.35552,-90.25028,0.0,360.0,511.0,MASTER TYLER,IMO9653226,WDG2256,30.0
367007750,2020-01-01T07:32:17,29.24766,-89.34596,0.0,245.7,511.0,MASTER TYLER,,WDC3431,31.0
367513750,2020-01-01T07:33:05,29.35552,-90.25027,0.0,360.0,511.0,MASTER TYLER,IMO9653226,WDG2256,30.0
367007750,2020-01-01T07:34:07,29.24767,-89.34597,0.0,238.9,511.0,MASTER TYLER,,WDC3431,31.0
367513750,2020-01-01T07:34:15,29.35552,-90.25027,0.0,360.0,511.0,MASTER TYLER,IMO9653226,WDG2256,30.0
367513750,2020-01-01T07:35:16,29.35551,-90.25028,0.0,360.0,511.0,MASTER TYLER,IMO9653226,WDG2256,30.0
367007750,2020-01-01T07:35:27,29.24766,-89.34595,0.0,241.6,511.0,MASTER TYLER,,WDC3431,31.0
367513750,2020-01-01T07:36:17,29.35552,-90.25027,0.0,360.0,511.0,MASTER TYLER,IMO9653226,WDG2256,30.0
367513750,2020-01-01T07:37:27,29.35552,-90.25026,0.0,360.0,511.0,MASTER TYLER,IMO9653226,WDG2256,30.0
367007750,2020-01-01T07:37:28,29.24764,-89.34597,0.0,236.6,511.0,MASTER TYLER,,WDC3431,31.0
367513750,2020-01-01T07:38:36,29.35551,-90.25026,0.0,360.0,511.0,MASTER TYLER,IMO9653226,WDG2256,30.0
367007750,2020-01-01T07:39:18,29.24766,-89.34597,0.0,238.6,511.0,MASTER TYLER,,WDC3431,31.0
367513750,2020-01-01T07:40:46,29.3555,-90.25025,0.0,360.0,511.0,MASTER TYLER,IMO9653226,WDG2256,30.0
367007750,2020-01-01T07:40:47,29.24767,-89.34597,0.0,237.5,511.0,MASTER TYLER,,WDC3431,31.0
367513750,2020-01-01T07:41:57,29.3555,-90.25025,0.0,360.0,511.0,MASTER TYLER,IMO9653226,WDG2256,30.0
367007750,2020-01-01T07:42:17,29.24769,-89.34602,0.0,238.0,511.0,MASTER TYLER,,WDC3431,31.0
367007750,2020-01-01T07:43:37,29.24768,-89.34599,0.0,239.8,511.0,MASTER TYLER,,WDC3431,31.0
367513750,2020-01-01T07:43:46,29.35551,-90.25026,0.0,360.0,511.0,MASTER TYLER,IMO9653226,WDG2256,30.0
367007750,2020-01-01T07:44:48,29.24769,-89.34597,0.0,242.8,511.0,MASTER TYLER,,WDC3431,31.0
367513750,2020-01-01T07:44:57,29.35553,-90.25027,0.0,360.0,511.0,MASTER TYLER,IMO9653226,WDG2256,30.0
367513750,2020-01-01T07:46:07,29.35553,-90.25026,0.0,360.0,511.0,MASTER TYLER,IMO9653226,WDG2256,30.0
367007750,2020-01-01T07:47:17,29.24769,-89.34593,0.0,239.3,511.0,MASTER TYLER,,WDC3431,31.0
367513750,2020-01-01T07:48:36,29.35553,-90.25026,0.0,360.0,511.0,MASTER TYLER,IMO9653226,WDG2256,30.0
367007750,2020-01-01T07:49:17,29.24768,-89.34594,0.0,241.9,511.0,MASTER TYLER,,WDC3431,31.0
367513750,2020-01-01T07:50:16,29.35553,-90.25027,0.0,360.0,511.0,MASTER TYLER,IMO9653226,WDG2256,30.0
367007750,2020-01-01T07:50:28,29.24767,-89.34594,0.0,239.9,511.0,MASTER TYLER,,WDC3431,31.0
367007750,2020-01-01T07:52:07,29.24766,-89.34594,0.0,239.7,511.0,MASTER TYLER,,WDC3431,31.0
367513750,2020-01-01T07:52:36,29.35553,-90.25027,0.0,360.0,511.0,MASTER TYLER,IMO9653226,WDG2256,30.0
367007750,2020-01-01T07:53:17,29.24766,-89.34595,0.0,241.4,511.0,MASTER TYLER,,WDC3431,31.0
367513750,2020-01-01T07:54:36,29.35552,-90.25026,0.0,360.0,511.0,MASTER TYLER,IMO9653226,WDG2256,30.0
367007750,2020-01-01T07:54:37,29.24767,-89.34595,0.0,239.5,511.0,MASTER TYLER,,WDC3431,31.0
367513750,2020-01-01T07:55:56,29.35551,-90.25026,0.0,360.0,511.0,MASTER TYLER,IMO9653226,WDG2256,30.0
367007750,2020-01-01T07:56:47,29.24767,-89.34594,0.0,237.8,511.0,MASTER TYLER,,WDC3431,31.0
367007750,2020-01-01T07:58:27,29.24767,-89.34595,0.0,234.1,511.0,MASTER TYLER,,WDC3431,31.0
367513750,2020-01-01T07:59:07,29.35552,-90.25027,0.0,360.0,511.0,MASTER TYLER,IMO9653226,WDG2256,30.0
367007750,2020-01-01T07:59:37,29.24767,-89.34596,0.0,236.4,511.0,MASTER TYLER,,WDC3431,31.0
367513750,2020-01-01T08:00:07,29.35553,-90.25027,0.0,360.0,511.0,MASTER TYLER,IMO9653226,WDG2256,30.0
367007750,2020-01-01T08:00:09,29.24767,-89.34595,0.0,234.2,511.0,MASTER TYLER,,WDC3431,31.0
367007750,2020-01-01T08:01:19,29.24766,-89.34596,0.1,234.6,511.0,MASTER TYLER,,WDC3431,31.0
367513750,2020-01-01T08:01:37,29.35554,-90.25027,0.0,360.0,511.0,MASTER TYLER,IMO9653226,WDG2256,30.0
367007750,2020-01-01T08:02:27,29.24766,-89.34597,0.0,231.5,511.0,MASTER TYLER,,WDC3431,31.0
367513750,2020-01-01T08:02:56,29.35553,-90.25029,0.0,360.0,511.0,MASTER TYLER,IMO9653226,WDG2256,30.0
367007750,2020-01-01T08:03:47,29.24763,-89.34597,0.0,231.5,511.0,MASTER TYLER,,WDC3431,31.0
367513750,2020-01-01T08:04:07,29.35552,-90.25029,0.0,360.0,511.0,MASTER TYLER,IMO9653226,WDG2256,30.0
367007750,2020-01-01T08:04:58,29.24765,-89.34599,0.0,230.8,511.0,MASTER TYLER,,WDC3431,31.0
367513750,2020-01-01T08:05:26,29.35553,-90.25029,0.0,360.0,511.0,MASTER TYLER,IMO9653226,WDG2256,30.0
367007750,2020-01-01T08:06:08,29.24765,-89.34597,0.0,232.7,511.0,MASTER TYLER,,WDC3431,31.0
367513750,2020-01-01T08:06:56,29.35554,-90.25028,0.0,360.0,511.0,MASTER TYLER,IMO9653226,WDG2256,30.0
367007750,2020-01-01T08:07:19,29.24765,-89.34597,0.0,233.5,511.0,MASTER TYLER,,WDC3431,31.0
367513750,2020-01-01T08:08:17,29.35554,-90.25028,0.0,360.0,511.0,MASTER TYLER,IMO9653226,WDG2256,30.0
367007750,2020-01-01T08:08:28,29.24766,-89.34597,0.0,231.5,511.0,MASTER TYLER,,WDC3431,31.0
367513750,2020-01-01T08:09:36,29.35553,-90.25029,0.0,360.0,511.0,MASTER TYLER,IMO9653226,WDG2256,30.0
367007750,2020-01-01T08:09:37,29.24766,-89.34597,0.0,233.6,511.0,MASTER TYLER,,WDC3431,31.0
367513750,2020-01-01T08:10:47,29.35555,-90.2503,0.0,360.0,511.0,MASTER TYLER,IMO9653226,WDG2256,30.0
367007750,2020-01-01T08:10:47,29.24767,-89.34597,0.0,234.3,511.0,MASTER TYLER,,WDC3431,31.0
367007750,2020-01-01T08:11:58,29.24766,-89.34596,0.0,235.6,511.0,MASTER TYLER,,WDC3431,31.0
367513750,2020-01-01T08:12:17,29.35555,-90.25029,0.0,360.0,511.0,MASTER TYLER,IMO9653226,WDG2256,30.0
367007750,2020-01-01T08:13:07,29.24763,-89.34597,0.0,237.4,511.0,MASTER TYLER,,WDC3431,31.0
367513750,2020-01-01T08:13:25,29.35555,-90.25028,0.0,360.0,511.0,MASTER TYLER,IMO9653226,WDG2256,30.0
367007750,2020-01-01T08:14:08,29.24766,-89.34597,0.0,236.8,511.0,MASTER TYLER,,WDC3431,31.0
367513750,2020-01-01T08:14:47,29.35553,-90.2503,0.0,360.0,511.0,MASTER TYLER,IMO9653226,WDG2256,30.0
367007750,2020-01-01T08:15:18,29.24766,-89.34595,0.0,237.9,511.0,MASTER TYLER,,WDC3431,31.0
367513750,2020-01-01T08:16:07,29.35553,-90.25029,0.0,360.0,511.0,MASTER TYLER,IMO9653226,WDG2256,30.0
367007750,2020-01-01T08:16:27,29.24766,-89.34596,0.0,239.6,511.0,MASTER TYLER,,WDC3431,31.0
367513750,2020-01-01T08:17:15,29.35553,-90.25029,0.0,360.0,511.0,MASTER TYLER,IMO9653226,WDG2256,30.0
367007750,2020-01-01T08:17:37,29.24766,-89.34597,0.0,238.8,511.0,MASTER TYLER,,WDC3431,31.0
367513750,2020-01-01T08:18:25,29.35551,-90.25028,0.0,360.0,511.0,MASTER TYLER,IMO9653226,WDG2256,30.0
367007750,2020-01-01T08:18:57,29.24766,-89.34596,0.0,239.8,511.0,MASTER TYLER,,WDC3431,31.0
367513750,2020-01-01T08:20:07,29.35552,-90.25028,0.0,360.0,511.0,MASTER TYLER,IMO9653226,WDG2256,30.0
367007750,2020-01-01T08:20:08,29.24767,-89.34596,0.0,241.9,511.0,MASTER TYLER,,WDC3431,31.0
367007750,2020-01-01T08:21:28,29.24768,-89.34595,0.0,245.3,511.0,MASTER TYLER,,WDC3431,31.0
367513750,2020-01-01T08:21:47,29.35554,-90.25027,0.0,360.0,511.0,MASTER TYLER,IMO9653226,WDG2256,30.0
367007750,2020-01-01T08:22:57,29.24768,-89.34595,0.0,248.5,511.0,MASTER TYLER,,WDC3431,31.0
367513750,2020-01-01T08:23:15,29.35553,-90.25028,0.0,360.0,511.0,MASTER TYLER,IMO9653226,WDG2256,30.0
367007750,2020-01-01T08:24:07,29.24767,-89.34595,0.0,248.9,511.0,MASTER TYLER,,WDC3431,31.0
367513750,2020-01-01T08:25:15,29.35553,-90.25027,0.0,360.0,511.0,MASTER TYLER,IMO9653226,WDG2256,30.0
367007750,2020-01-01T08:25:47,29.2477,-89.34594,0.0,245.3,511.0,MASTER TYLER,,WDC3431,31.0
367007750,2020-01-01T08:26:57,29.24768,-89.34595,0.0,243.9,511.0,MASTER TYLER,,WDC3431,31.0
367513750,2020-01-01T08:27:46,29.35552,-90.25027,0.0,360.0,511.0,MASTER TYLER,IMO9653226,WDG2256,30.0
367007750,2020-01-01T08:28:37,29.24768,-89.34595,0.0,242.4,511.0,MASTER TYLER,,WDC3431,31.0
367513750,2020-01-01T08:29:06,29.35552,-90.25028,0.0,360.0,511.0,MASTER TYLER,IMO9653226,WDG2256,30.0
367007750,2020-01-01T08:29:48,29.24768,-89.34595,0.0,242.7,511.0,MASTER TYLER,,WDC3431,31.0
367513750,2020-01-01T08:30:25,29.35553,-90.25029,0.0,360.0,511.0,MASTER TYLER,IMO9653226,WDG2256,30.0
367513750,2020-01-01T08:31:26,29.35553,-90.25028,0.0,360.0,511.0,MASTER TYLER,IMO9653226,WDG2256,30.0
367007750,2020-01-01T08:31:37,29.24768,-89.34596,0.0,241.4,511.0,MASTER TYLER,,WDC3431,31.0
367007750,2020-01-01T08:32:57,29.24769,-89.34595,0.0,247.4,511.0,MASTER TYLER,,WDC3431,31.0
367513750,2020-01-01T08:33:25,29.35554,-90.25026,0.0,360.0,511.0,MASTER TYLER,IMO9653226,WDG2256,30.0
367513750,2020-01-01T08:34:46,29.35556,-90.25026,0.0,360.0,511.0,MASTER TYLER,IMO9653226,WDG2256,30.0
367007750,2020-01-01T08:34:57,29.24768,-89.34594,0.0,254.1,511.0,MASTER TYLER,,WDC3431,31.0
367513750,2020-01-01T08:36:17,29.35555,-90.25026,0.0,360.0,511.0,MASTER TYLER,IMO9653226,WDG2256,30.0
367007750,2020-01-01T08:36:58,29.24767,-89.34595,0.0,258.5,511.0,MASTER TYLER,,WDC3431,31.0
367513750,2020-01-01T08:37:46,29.35555,-90.25027,0.0,360.0,511.0,MASTER TYLER,IMO9653226,WDG2256,30.0
367007750,2020-01-01T08:38:09,29.24767,-89.34595,0.0,264.3,511.0,MASTER TYLER,,WDC3431,31.0
367513750,2020-01-01T08:38:55,29.35555,-90.25028,0.0,360.0,511.0,MASTER TYLER,IMO9653226,WDG2256,30.0
367007750,2020-01-01T08:39:18,29.24766,-89.34595,0.0,277.6,511.0,MASTER TYLER,,WDC3431,31.0
367513750,2020-01-01T08:39:56,29.35555,-90.25028,0.0,360.0,511.0,MASTER TYLER,IMO9653226,WDG2256,30.0
367007750,2020-01-01T08:40:29,29.24765,-89.34596,0.0,280.7,511.0,MASTER TYLER,,WDC3431,31.0
367513750,2020-01-01T08:41:17,29.35554,-90.25028,0.0,360.0,511.0,MASTER TYLER,IMO9653226,WDG2256,30.0
367007750,2020-01-01T08:41:58,29.24766,-89.34596,0.0,289.8,511.0,MASTER TYLER,,WDC3431,31.0
367513750,2020-01-01T08:42:27,29.35554,-90.25027,0.0,360.0,511.0,MASTER TYLER,IMO9653226,WDG2256,30.0
367007750,2020-01-01T08:43:08,29.24767,-89.34597,0.0,294.4,511.0,MASTER TYLER,,WDC3431,31.0
367513750,2020-01-01T08:43:36,29.35553,-90.25027,0.0,360.0,511.0,MASTER TYLER,IMO9653226,WDG2256,30.0
367007750,2020-01-01T08:44:18,29.24767,-89.34596,0.0,291.7,511.0,MASTER TYLER,,WDC3431,31.0
367513750,2020-01-01T08:45:17,29.35553,-90.25028,0.0,360.0,511.0,MASTER TYLER,IMO9653226,WDG2256,30.0
367007750,2020-01-01T08:45:57,29.24767,-89.34596,0.0,284.5,511.0,MASTER TYLER,,WDC3431,31.0
367513750,2020-01-01T08:46:47,29.35551,-90.25029,0.0,360.0,511.0,MASTER TYLER,IMO9653226,WDG2256,30.0
367007750,2020-01-01T08:47:08,29.24767,-89.34596,0.0,283.9,511.0,MASTER TYLER,,WDC3431,31.0
367513750,2020-01-01T08:48:47,29.35551,-90.25029,0.0,360.0,511.0,MASTER TYLER,IMO9653226,WDG2256,30.0
367007750,2020-01-01T08:48:57,29.24767,-89.34597,0.0,272.5,511.0,MASTER TYLER,,WDC3431,31.0
367513750,2020-01-01T08:50:47,29.35552,-90.25028,0.0,360.0,511.0,MASTER TYLER,IMO9653226,WDG2256,30.0
367007750,2020-01-01T08:50:57,29.24765,-89.34596,0.0,264.9,511.0,MASTER TYLER,,WDC3431,31.0
367513750,2020-01-01T08:51:56,29.35551,-90.25027,0.0,360.0,511.0,MASTER TYLER,IMO9653226,WDG2256,30.0
367007750,2020-01-01T08:52:58,29.24767,-89.34593,0.0,259.8,511.0,MASTER TYLER,,WDC3431,31.0
367513750,2020-01-01T08:54:27,29.3555,-90.25029,0.0,360.0,511.0,MASTER TYLER,IMO9653226,WDG2256,30.0
367007750,2020-01-01T08:54:58,29.24769,-89.34593,0.0,250.2,511.0,MASTER TYLER,,WDC3431,31.0
367007750,2020-01-01T08:56:08,29.24768,-89.34593,0.0,243.2,511.0,MASTER TYLER,,WDC3431,31.0
367513750,2020-01-01T08:57:17,29.35552,-90.25027,0.0,360.0,511.0,MASTER TYLER,IMO9653226,WDG2256,30.0
367007750,2020-01-01T08:57:18,29.24768,-89.34594,0.0,237.3,511.0,MASTER TYLER,,WDC3431,31.0
367007750,2020-01-01T08:58:37,29.24768,-89.34595,0.0,236.6,511.0,MASTER TYLER,,WDC3431,31.0
367513750,2020-01-01T08:59:17,29.35551,-90.25026,0.0,360.0,511.0,MASTER TYLER,IMO9653226,WDG2256,30.0
367007750,2020-01-01T08:59:58,29.24767,-89.34594,0.0,233.8,511.0,MASTER TYLER,,WDC3431,31.0
367513750,2020-01-01T09:00:07,29.35551,-90.25026,0.0,360.0,511.0,MASTER TYLER,IMO9653226,WDG2256,30.0
367007750,2020-01-01T09:00:08,29.24767,-89.34595,0.0,233.6,511.0,MASTER TYLER,,WDC3431,31.0
367007750,2020-01-01T09:01:18,29.24768,-89.34594,0.0,230.6,511.0,MASTER TYLER,,WDC3431,31.0
367513750,2020-01-01T09:01:37,29.35552,-90.25025,0.0,360.0,511.0,MASTER TYLER,IMO9653226,WDG2256,30.0
367007750,2020-01-01T09:02:28,29.24766,-89.34595,0.0,231.2,511.0,MASTER TYLER,,WDC3431,31.0
367513750,2020-01-01T09:02:46,29.35552,-90.25025,0.0,360.0,511.0,MASTER TYLER,IMO9653226,WDG2256,30.0
367007750,2020-01-01T09:03:29,29.24767,-89.34595,0.0,231.5,511.0,MASTER TYLER,,WDC3431,31.0
367513750,2020-01-01T09:03:56,29.35552,-90.25025,0.0,360.0,511.0,MASTER TYLER,IMO9653226,WDG2256,30.0
367007750,2020-01-01T09:04:38,29.24768,-89.34595,0.0,231.7,511.0,MASTER TYLER,,WDC3431,31.0
367513750,2020-01-01T09:05:17,29.35552,-90.25025,0.0,360.0,511.0,MASTER TYLER,IMO9653226,WDG2256,30.0
367007750,2020-01-01T09:05:49,29.24767,-89.34594,0.0,231.4,511.0,MASTER TYLER,,WDC3431,31.0
367513750,2020-01-01T09:06:36,29.35552,-90.25025,0.0,360.0,511.0,MASTER TYLER,IMO9653226,WDG2256,30.0
367007750,2020-01-01T09:07:07,29.24767,-89.34596,0.0,231.1,511.0,MASTER TYLER,,WDC3431,31.0
367513750,2020-01-01T09:07:46,29.35552,-90.25026,0.0,360.0,511.0,MASTER TYLER,IMO9653226,WDG2256,30.0
367007750,2020-01-01T09:08:37,29.24767,-89.34595,0.0,234.3,511.0,MASTER TYLER,,WDC3431,31.0
367513750,2020-01-01T09:08:47,29.35552,-90.25026,0.0,360.0,511.0,MASTER TYLER,IMO9653226,WDG2256,30.0
367007750,2020-01-01T09:09:47,29.24767,-89.34596,0.0,235.3,511.0,MASTER TYLER,,WDC3431,31.0
367513750,2020-01-01T09:09:55,29.35552,-90.25026,0.0,360.0,511.0,MASTER TYLER,IMO9653226,WDG2256,30.0
367513750,2020-01-01T09:10:56,29.35551,-90.25026,0.0,360.0,511.0,MASTER TYLER,IMO9653226,WDG2256,30.0
367007750,2020-01-01T09:10:59,29.24766,-89.34596,0.0,236.8,511.0,MASTER TYLER,,WDC3431,31.0
367007750,2020-01-01T09:12:08,29.24764,-89.34596,0.0,237.7,511.0,MASTER TYLER,,WDC3431,31.0
367513750,2020-01-01T09:12:26,29.35552,-90.25027,0.0,360.0,511.0,MASTER TYLER,IMO9653226,WDG2256,30.0
367007750,2020-01-01T09:13:18,29.24763,-89.34597,0.0,238.0,511.0,MASTER TYLER,,WDC3431,31.0
367513750,2020-01-01T09:13:36,29.35553,-90.25028,0.0,360.0,511.0,MASTER TYLER,IMO9653226,WDG2256,30.0
367007750,2020-01-01T09:14:28,29.24764,-89.34595,0.0,236.2,511.0,MASTER TYLER,,WDC3431,31.0
367513750,2020-01-01T09:14:47,29.35551,-90.25025,0.0,360.0,511.0,MASTER TYLER,IMO9653226,WDG2256,30.0
367007750,2020-01-01T09:16:08,29.24766,-89.34597,0.0,242.6,511.0,MASTER TYLER,,WDC3431,31.0
367513750,2020-01-01T09:16:16,29.35552,-90.25025,0.0,360.0,511.0,MASTER TYLER,IMO9653226,WDG2256,30.0
367007750,2020-01-01T09:17:28,29.24765,-89.34596,0.0,237.5,511.0,MASTER TYLER,,WDC3431,31.0
367513750,2020-01-01T09:17:36,29.35552,-90.25026,0.0,360.0,511.0,MASTER TYLER,IMO9653226,WDG2256,30.0
367513750,2020-01-01T09:18:37,29.35553,-90.25028,0.0,360.0,511.0,MASTER TYLER,IMO9653226,WDG2256,30.0
367007750,2020-01-01T09:18:38,29.24765,-89.34595,0.0,240.8,511.0,MASTER TYLER,,WDC3431,31.0
367513750,2020-01-01T09:19:46,29.35552,-90.25027,0.0,360.0,511.0,MASTER TYLER,IMO9653226,WDG2256,30.0
367007750,2020-01-01T09:20:38,29.24766,-89.34595,0.0,241.1,511.0,MASTER TYLER,,WDC3431,31.0
367513750,2020-01-01T09:20:57,29.35552,-90.25026,0.0,360.0,511.0,MASTER TYLER,IMO9653226,WDG2256,30.0
367513750,2020-01-01T09:22:07,29.35553,-90.25027,0.0,360.0,511.0,MASTER TYLER,IMO9653226,WDG2256,30.0
367007750,2020-01-01T09:22:08,29.24766,-89.34597,0.0,240.8,511.0,MASTER TYLER,,WDC3431,31.0
367513750,2020-01-01T09:23:37,29.35554,-90.25028,0.0,360.0,511.0,MASTER TYLER,IMO9653226,WDG2256,30.0
367007750,2020-01-01T09:24:08,29.24766,-89.34597,0.0,239.2,511.0,MASTER TYLER,,WDC3431,31.0
367513750,2020-01-01T09:24:46,29.35553,-90.25028,0.0,360.0,511.0,MASTER TYLER,IMO9653226,WDG2256,30.0
367007750,2020-01-01T09:25:17,29.24764,-89.34597,0.0,237.4,511.0,MASTER TYLER,,WDC3431,31.0
367513750,2020-01-01T09:26:25,29.35552,-90.25028,0.0,360.0,511.0,MASTER TYLER,IMO9653226,WDG2256,30.0
367007750,2020-01-01T09:26:38,29.24763,-89.34599,0.0,223.7,511.0,MASTER TYLER,,WDC3431,31.0
367513750,2020-01-01T09:27:47,29.35552,-90.25028,0.0,360.0,511.0,MASTER TYLER,IMO9653226,WDG2256,30.0
367007750,2020-01-01T09:27:48,29.24765,-89.34596,0.0,216.4,511.0,MASTER TYLER,,WDC3431,31.0
367007750,2020-01-01T09:29:08,29.24765,-89.34598,0.0,210.2,511.0,MASTER TYLER,,WDC3431,31.0
367513750,2020-01-01T09:29:47,29.35551,-90.25026,0.0,360.0,511.0,MASTER TYLER,IMO9653226,WDG2256,30.0
367007750,2020-01-01T09:30:19,29.24764,-89.34596,0.0,212.0,511.0,MASTER TYLER,,WDC3431,31.0
367007750,2020-01-01T09:31:28,29.24765,-89.34596,0.0,197.8,511.0,MASTER TYLER,,WDC3431,31.0
367513750,2020-01-01T09:31:37,29.35551,-90.25026,0.0,360.0,511.0,MASTER TYLER,IMO9653226,WDG2256,30.0
367007750,2020-01-01T09:32:38,29.24765,-89.34597,0.0,206.2,511.0,MASTER TYLER,,WDC3431,31.0
367513750,2020-01-01T09:32:57,29.35552,-90.25028,0.0,360.0,511.0,MASTER TYLER,IMO9653226,WDG2256,30.0
367007750,2020-01-01T09:34:28,29.24765,-89.34597,0.0,188.5,511.0,MASTER TYLER,,WDC3431,31.0
367513750,2020-01-01T09:35:27,29.35553,-90.25028,0.0,360.0,511.0,MASTER TYLER,IMO9653226,WDG2256,30.0
367007750,2020-01-01T09:35:38,29.24764,-89.34595,0.0,182.5,511.0,MASTER TYLER,,WDC3431,31.0
367513750,2020-01-01T09:36:37,29.35553,-90.25028,0.0,360.0,511.0,MASTER TYLER,IMO9653226,WDG2256,30.0
367513750,2020-01-01T09:37:46,29.35554,-90.25028,0.0,360.0,511.0,MASTER TYLER,IMO9653226,WDG2256,30.0
367007750,2020-01-01T09:37:58,29.24763,-89.34594,0.0,163.4,511.0,MASTER TYLER,,WDC3431,31.0
367513750,2020-01-01T09:39:17,29.35553,-90.25027,0.0,360.0,511.0,MASTER TYLER,IMO9653226,WDG2256,30.0
367007750,2020-01-01T09:39:58,29.24764,-89.34595,0.0,153.8,511.0,MASTER TYLER,,WDC3431,31.0
367513750,2020-01-01T09:41:17,29.35552,-90.25027,0.0,360.0,511.0,MASTER TYLER,IMO9653226,WDG2256,30.0
367007750,2020-01-01T09:41:27,29.24766,-89.34597,0.0,147.1,511.0,MASTER TYLER,,WDC3431,31.0
367007750,2020-01-01T09:43:37,29.24767,-89.34596,0.0,139.2,511.0,MASTER TYLER,,WDC3431,31.0
367513750,2020-01-01T09:44:07,29.35551,-90.25026,0.0,360.0,511.0,MASTER TYLER,IMO9653226,WDG2256,30.0
367007750,2020-01-01T09:44:48,29.24767,-89.34597,0.0,134.0,511.0,MASTER TYLER,,WDC3431,31.0
367007750,2020-01-01T09:45:49,29.24766,-89.34598,0.0,136.3,511.0,MASTER TYLER,,WDC3431,31.0
367007750,2020-01-01T09:46:58,29.24767,-89.34596,0.0,129.5,511.0,MASTER TYLER,,WDC3431,31.0
367513750,2020-01-01T09:47:17,29.35551,-90.25025,0.0,360.0,511.0,MASTER TYLER,IMO9653226,WDG2256,30.0
367513750,2020-01-01T09:48:26,29.3555,-90.25025,0.0,360.0,511.0,MASTER TYLER,IMO9653226,WDG2256,30.0
367007750,2020-01-01T09:50:08,29.24766,-89.34597,0.0,135.6,511.0,MASTER TYLER,,WDC3431,31.0
367513750,2020-01-01T09:50:17,29.35552,-90.25025,0.0,360.0,511.0,MASTER TYLER,IMO9653226,WDG2256,30.0
367007750,2020-01-01T09:52:08,29.24767,-89.34596,0.0,131.6,511.0,MASTER TYLER,,WDC3431,31.0
367513750,2020-01-01T09:52:56,29.35551,-90.25025,0.0,360.0,511.0,MASTER TYLER,IMO9653226,WDG2256,30.0
367007750,2020-01-01T09:54:08,29.24764,-89.34598,0.0,128.4,511.0,MASTER TYLER,,WDC3431,31.0
367513750,2020-01-01T09:54:26,29.35549,-90.25026,0.0,360.0,511.0,MASTER TYLER,IMO9653226,WDG2256,30.0
367513750,2020-01-01T09:55:57,29.3555,-90.25027,0.0,360.0,511.0,MASTER TYLER,IMO9653226,WDG2256,30.0
367007750,2020-01-01T09:56:07,29.24764,-89.34598,0.0,120.7,511.0,MASTER TYLER,,WDC3431,31.0
367513750,2020-01-01T09:57:17,29.35551,-90.25026,0.0,360.0,511.0,MASTER TYLER,IMO9653226,WDG2256,30.0
367007750,2020-01-01T09:57:58,29.24764,-89.34598,0.0,122.3,511.0,MASTER TYLER,,WDC3431,31.0
367513750,2020-01-01T09:58:26,29.35551,-90.25026,0.0,360.0,511.0,MASTER TYLER,IMO9653226,WDG2256,30.0
367007750,2020-01-01T09:59:17,29.24764,-89.34598,0.0,112.3,511.0,MASTER TYLER,,WDC3431,31.0
367513750,2020-01-01T09:59:36,29.35551,-90.25027,0.0,360.0,511.0,MASTER TYLER,IMO9653226,WDG2256,30.0
367513750,2020-01-01T10:00:06,29.35551,-90.25027,0.0,360.0,511.0,MASTER TYLER,IMO9653226,WDG2256,30.0
367007750,2020-01-01T10:00:07,29.24763,-89.34597,0.0,110.7,511.0,MASTER TYLER,,WDC3431,31.0
367513750,2020-01-01T10:01:16,29.35551,-90.25027,0.0,360.0,511.0,MASTER TYLER,IMO9653226,WDG2256,30.0
367007750,2020-01-01T10:01:17,29.24765,-89.34595,0.0,102.1,511.0,MASTER TYLER,,WDC3431,31.0
367513750,2020-01-01T10:02:26,29.35551,-90.25025,0.0,360.0,511.0,MASTER TYLER,IMO9653226,WDG2256,30.0
367007750,2020-01-01T10:02:27,29.24765,-89.34596,0.0,98.8,511.0,MASTER TYLER,,WDC3431,31.0
367513750,2020-01-01T10:03:36,29.35552,-90.25026,0.0,360.0,511.0,MASTER TYLER,IMO9653226,WDG2256,30.0
367007750,2020-01-01T10:03:38,29.24767,-89.34594,0.0,86.7,511.0,MASTER TYLER,,WDC3431,31.0
367513750,2020-01-01T10:04:46,29.35552,-90.25027,0.0,360.0,511.0,MASTER TYLER,IMO9653226,WDG2256,30.0
367007750,2020-01-01T10:04:47,29.24768,-89.34594,0.0,89.6,511.0,MASTER TYLER,,WDC3431,31.0
367513750,2020-01-01T10:05:56,29.35552,-90.25027,0.0,360.0,511.0,MASTER TYLER,IMO9653226,WDG2256,30.0
367007750,2020-01-01T10:05:58,29.24768,-89.34595,0.0,89.2,511.0,MASTER TYLER,,WDC3431,31.0
367007750,2020-01-01T10:07:08,29.24769,-89.34592,0.0,94.2,511.0,MASTER TYLER,,WDC3431,31.0
367513750,2020-01-01T10:07:15,29.35551,-90.25027,0.0,360.0,511.0,MASTER TYLER,IMO9653226,WDG2256,30.0
367007750,2020-01-01T10:08:18,29.24767,-89.34595,0.0,100.7,511.0,MASTER TYLER,,WDC3431,31.0
367513750,2020-01-01T10:08:27,29.35551,-90.25026,0.0,360.0,511.0,MASTER TYLER,IMO9653226,WDG2256,30.0
367007750,2020-01-01T10:09:29,29.24768,-89.34594,0.0,129.2,511.0,MASTER TYLER,,WDC3431,31.0
367513750,2020-01-01T10:09:47,29.35552,-90.25026,0.0,360.0,511.0,MASTER TYLER,IMO9653226,WDG2256,30.0
367007750,2020-01-01T10:10:37,29.24768,-89.34592,0.0,131.8,511.0,MASTER TYLER,,WDC3431,31.0
367513750,2020-01-01T10:11:27,29.35552,-90.25026,0.0,360.0,511.0,MASTER TYLER,IMO9653226,WDG2256,30.0
367007750,2020-01-01T10:11:47,29.24766,-89.34594,0.0,128.5,511.0,MASTER TYLER,,WDC3431,31.0
367513750,2020-01-01T10:12:37,29.35553,-90.25026,0.0,360.0,511.0,MASTER TYLER,IMO9653226,WDG2256,30.0
367007750,2020-01-01T10:12:59,29.24767,-89.34593,0.0,154.8,511.0,MASTER TYLER,,WDC3431,31.0
367513750,2020-01-01T10:13:57,29.35553,-90.25027,0.0,360.0,511.0,MASTER TYLER,IMO9653226,WDG2256,30.0
367007750,2020-01-01T10:14:08,29.24765,-89.34598,0.0,168.0,511.0,MASTER TYLER,,WDC3431,31.0
367513750,2020-01-01T10:15:06,29.35553,-90.25029,0.0,360.0,511.0,MASTER TYLER,IMO9653226,WDG2256,30.0
367007750,2020-01-01T10:15:18,29.24766,-89.34595,0.0,179.7,511.0,MASTER TYLER,,WDC3431,31.0
367513750,2020-01-01T10:16:15,29.35552,-90.25029,0.0,360.0,511.0,MASTER TYLER,IMO9653226,WDG2256,30.0
367007750,2020-01-01T10:17:07,29.24769,-89.34593,0.0,197.6,511.0,MASTER TYLER,,WDC3431,31.0
367513750,2020-01-01T10:17:27,29.35553,-90.25029,0.0,360.0,511.0,MASTER TYLER,IMO9653226,WDG2256,30.0
367513750,2020-01-01T10:18:47,29.35553,-90.25028,0.0,360.0,511.0,MASTER TYLER,IMO9653226,WDG2256,30.0
367007750,2020-01-01T10:19:07,29.24766,-89.34594,0.0,196.5,511.0,MASTER TYLER,,WDC3431,31.0
367007750,2020-01-01T10:20:18,29.24768,-89.34593,0.0,204.0,511.0,MASTER TYLER,,WDC3431,31.0
367513750,2020-01-01T10:20:46,29.35554,-90.25026,0.0,360.0,511.0,MASTER TYLER,IMO9653226,WDG2256,30.0
367513750,2020-01-01T10:21:56,29.35553,-90.25025,0.0,360.0,511.0,MASTER TYLER,IMO9653226,WDG2256,30.0
367007750,2020-01-01T10:22:07,29.24765,-89.34592,0.0,188.8,511.0,MASTER TYLER,,WDC3431,31.0
367007750,2020-01-01T10:23:18,29.24766,-89.34591,0.0,177.3,511.0,MASTER TYLER,,WDC3431,31.0
367513750,2020-01-01T10:23:46,29.35552,-90.25028,0.0,360.0,511.0,MASTER TYLER,IMO9653226,WDG2256,30.0
367007750,2020-01-01T10:24:28,29.24767,-89.34592,0.0,174.9,511.0,MASTER TYLER,,WDC3431,31.0
367513750,2020-01-01T10:25:06,29.35552,-90.25027,0.0,360.0,511.0,MASTER TYLER,IMO9653226,WDG2256,30.0
367007750,2020-01-01T10:26:28,29.24764,-89.34591,0.0,161.8,511.0,MASTER TYLER,,WDC3431,31.0
367513750,2020-01-01T10:26:57,29.35553,-90.25028,0.0,360.0,511.0,MASTER TYLER,IMO9653226,WDG2256,30.0
367007750,2020-01-01T10:27:38,29.24766,-89.34592,0.0,159.5,511.0,MASTER TYLER,,WDC3431,31.0
367513750,2020-01-01T10:28:06,29.35553,-90.25028,0.0,360.0,511.0,MASTER TYLER,IMO9653226,WDG2256,30.0
367513750,2020-01-01T10:29:17,29.35553,-90.25027,0.0,360.0,511.0,MASTER TYLER,IMO9653226,WDG2256,30.0
367007750,2020-01-01T10:29:38,29.24765,-89.34595,0.0,170.6,511.0,MASTER TYLER,,WDC3431,31.0
367513750,2020-01-01T10:31:27,29.35554,-90.25029,0.0,360.0,511.0,MASTER TYLER,IMO9653226,WDG2256,30.0
367007750,2020-01-01T10:31:38,29.24766,-89.34593,0.0,182.6,511.0,MASTER TYLER,,WDC3431,31.0
367007750,2020-01-01T10:32:48,29.24763,-89.34592,0.0,181.6,511.0,MASTER TYLER,,WDC3431,31.0
367513750,2020-01-01T10:32:56,29.35552,-90.25028,0.0,360.0,511.0,MASTER TYLER,IMO9653226,WDG2256,30.0
367007750,2020-01-01T10:34:48,29.24762,-89.34596,0.0,178.2,511.0,MASTER TYLER,,WDC3431,31.0
367513750,2020-01-01T10:35:07,29.35552,-90.25027,0.0,360.0,511.0,MASTER TYLER,IMO9653226,WDG2256,30.0
367007750,2020-01-01T10:36:17,29.24766,-89.34596,0.0,166.2,511.0,MASTER TYLER,,WDC3431,31.0
367513750,2020-01-01T10:36:27,29.35552,-90.25026,0.0,360.0,511.0,MASTER TYLER,IMO9653226,WDG2256,30.0
367007750,2020-01-01T10:37:29,29.24767,-89.34593,0.0,155.5,511.0,MASTER TYLER,,WDC3431,31.0
367513750,2020-01-01T10:38:07,29.35552,-90.25026,0.0,360.0,511.0,MASTER TYLER,IMO9653226,WDG2256,30.0
367007750,2020-01-01T10:38:37,29.24766,-89.3459,0.0,144.1,511.0,MASTER TYLER,,WDC3431,31.0
367513750,2020-01-01T10:39:37,29.35552,-90.25027,0.0,360.0,511.0,MASTER TYLER,IMO9653226,WDG2256,30.0
367513750,2020-01-01T10:40:46,29.35551,-90.25026,0.0,360.0,511.0,MASTER TYLER,IMO9653226,WDG2256,30.0
367007750,2020-01-01T10:40:58,29.24767,-89.34592,0.0,150.8,511.0,MASTER TYLER,,WDC3431,31.0
367513750,2020-01-01T10:42:06,29.35552,-90.25027,0.0,360.0,511.0,MASTER TYLER,IMO9653226,WDG2256,30.0
367007750,2020-01-01T10:43:28,29.24768,-89.34593,0.0,164.6,511.0,MASTER TYLER,,WDC3431,31.0
367513750,2020-01-01T10:44:56,29.35554,-90.25029,0.0,360.0,511.0,MASTER TYLER,IMO9653226,WDG2256,30.0
367007750,2020-01-01T10:45:28,29.24768,-89.34595,0.0,194.7,511.0,MASTER TYLER,,WDC3431,31.0
367007750,2020-01-01T10:46:38,29.24769,-89.34596,0.0,202.9,511.0,MASTER TYLER,,WDC3431,31.0
367513750,2020-01-01T10:46:56,29.35554,-90.25026,0.0,360.0,511.0,MASTER TYLER,IMO9653226,WDG2256,30.0
367513750,2020-01-01T10:48:07,29.35553,-90.25025,0.0,360.0,511.0,MASTER TYLER,IMO9653226,WDG2256,30.0
367007750,2020-01-01T10:49:08,29.24768,-89.34595,0.0,234.8,511.0,MASTER TYLER,,WDC3431,31.0
367513750,2020-01-01T10:49:17,29.35552,-90.25025,0.0,360.0,511.0,MASTER TYLER,IMO9653226,WDG2256,30.0
367007750,2020-01-01T10:51:17,29.24769,-89.34593,0.0,257.9,511.0,MASTER TYLER,,WDC3431,31.0
367513750,2020-01-01T10:51:57,29.35553,-90.25025,0.0,360.0,511.0,MASTER TYLER,IMO9653226,WDG2256,30.0
367007750,2020-01-01T10:52:48,29.24771,-89.34593,0.0,265.3,511.0,MASTER TYLER,,WDC3431,31.0
367513750,2020-01-01T10:53:57,29.35553,-90.25026,0.0,360.0,511.0,MASTER TYLER,IMO9653226,WDG2256,30.0
367007750,2020-01-01T10:54:27,29.24772,-89.34592,0.0,283.1,511.0,MASTER TYLER,,WDC3431,31.0
367513750,2020-01-01T10:54:58,29.35554,-90.25027,0.0,360.0,511.0,MASTER TYLER,IMO9653226,WDG2256,30.0
367513750,2020-01-01T10:56:07,29.35553,-90.25027,0.0,360.0,511.0,MASTER TYLER,IMO9653226,WDG2256,30.0
367513750,2020-01-01T10:57:26,29.35554,-90.25026,0.0,360.0,511.0,MASTER TYLER,IMO9653226,WDG2256,30.0
367007750,2020-01-01T10:58:07,29.24787,-89.3459,2.4,1.9,511.0,MASTER TYLER,,WDC3431,31.0
367513750,2020-01-01T10:58:46,29.35553,-90.25027,0.0,360.0,511.0,MASTER TYLER,IMO9653226,WDG2256,30.0
367007750,2020-01-01T10:59:47,29.24977,-89.3461,4.4,354.9,511.0,MASTER TYLER,,WDC3431,31.0
367513750,2020-01-01T10:59:57,29.35554,-90.25027,0.0,360.0,511.0,MASTER TYLER,IMO9653226,WDG2256,30.0
367513750,2020-01-01T11:00:07,29.35553,-90.25027,0.0,360.0,511.0,MASTER TYLER,IMO9653226,WDG2256,30.0
367007750,2020-01-01T11:00:07,29.25019,-89.34616,4.6,346.8,511.0,MASTER TYLER,,WDC3431,31.0
367007750,2020-01-01T11:01:17,29.25169,-89.34662,4.9,341.3,511.0,MASTER TYLER,,WDC3431,31.0
367513750,2020-01-01T11:01:26,29.35554,-90.25026,0.0,360.0,511.0,MASTER TYLER,IMO9653226,WDG2256,30.0
367007750,2020-01-01T11:02:27,29.25324,-89.34722,5.0,342.7,511.0,MASTER TYLER,,WDC3431,31.0
367513750,2020-01-01T11:02:56,29.35552,-90.25026,0.0,360.0,511.0,MASTER TYLER,IMO9653226,WDG2256,30.0
367007750,2020-01-01T11:03:37,29.25477,-89.34772,4.9,343.0,511.0,MASTER TYLER,,WDC3431,31.0
367513750,2020-01-01T11:04:07,29.35551,-90.25026,0.0,360.0,511.0,MASTER TYLER,IMO9653226,WDG2256,30.0
367007750,2020-01-01T11:04:47,29.25624,-89.34845,5.0,334.4,511.0,MASTER TYLER,,WDC3431,31.0
367513750,2020-01-01T11:05:17,29.35551,-90.25026,0.0,360.0,511.0,MASTER TYLER,IMO9653226,WDG2256,30.0
367007750,2020-01-01T11:05:59,29.25772,-89.34932,4.9,333.1,511.0,MASTER TYLER,,WDC3431,31.0
367513750,2020-01-01T11:06:26,29.35549,-90.25025,0.0,360.0,511.0,MASTER TYLER,IMO9653226,WDG2256,30.0
367007750,2020-01-01T11:07:27,29.25948,-89.35038,4.7,343.9,511.0,MASTER TYLER,,WDC3431,31.0
367513750,2020-01-01T11:07:47,29.3555,-90.25025,0.0,360.0,511.0,MASTER TYLER,IMO9653226,WDG2256,30.0
367007750,2020-01-01T11:08:28,29.2608,-89.35068,4.8,352.5,511.0,MASTER TYLER,,WDC3431,31.0
367513750,2020-01-01T11:08:56,29.35551,-90.25026,0.0,360.0,511.0,MASTER TYLER,IMO9653226,WDG2256,30.0
367007750,2020-01-01T11:09:39,29.26234,-89.35087,4.7,353.0,511.0,MASTER TYLER,,WDC3431,31.0
367513750,2020-01-01T11:09:57,29.35552,-90.25026,0.0,360.0,511.0,MASTER TYLER,IMO9653226,WDG2256,30.0
367007750,2020-01-01T11:10:47,29.26385,-89.35099,4.7,357.6,511.0,MASTER TYLER,,WDC3431,31.0
367513750,2020-01-01T11:11:07,29.35551,-90.25025,0.0,360.0,511.0,MASTER TYLER,IMO9653226,WDG2256,30.0
367007750,2020-01-01T11:11:48,29.26522,-89.35109,4.5,355.2,511.0,MASTER TYLER,,WDC3431,31.0
367513750,2020-01-01T11:12:17,29.35551,-90.25025,0.0,360.0,511.0,MASTER TYLER,IMO9653226,WDG2256,30.0
367007750,2020-01-01T11:12:49,29.26652,-89.35128,4.9,0.0,511.0,MASTER TYLER,,WDC3431,31.0
367513750,2020-01-01T11:13:36,29.35551,-90.25025,0.0,360.0,511.0,MASTER TYLER,IMO9653226,WDG2256,30.0
367007750,2020-01-01T11:13:57,29.26806,-89.35105,5.2,11.4,511.0,MASTER TYLER,,WDC3431,31.0
367513750,2020-01-01T11:14:37,29.35551,-90.25024,0.0,360.0,511.0,MASTER TYLER,IMO9653226,WDG2256,30.0
367007750,2020-01-01T11:15:08,29.26979,-89.35066,5.5,9.8,511.0,MASTER TYLER,,WDC3431,31.0
367513750,2020-01-01T11:15:47,29.35551,-90.25024,0.0,360.0,511.0,MASTER TYLER,IMO9653226,WDG2256,30.0
367007750,2020-01-01T11:16:18,29.27153,-89.35046,5.4,2.3,511.0,MASTER TYLER,,WDC3431,31.0
367513750,2020-01-01T11:16:55,29.35552,-90.25023,0.0,360.0,511.0,MASTER TYLER,IMO9653226,WDG2256,30.0
367513750,2020-01-01T11:17:56,29.35551,-90.25023,0.0,360.0,511.0,MASTER TYLER,IMO9653226,WDG2256,30.0
367007750,2020-01-01T11:18:08,29.27394,-89.35072,4.4,336.9,511.0,MASTER TYLER,,WDC3431,31.0
367513750,2020-01-01T11:19:16,29.3555,-90.25024,0.0,360.0,511.0,MASTER TYLER,IMO9653226,WDG2256,30.0
367007750,2020-01-01T11:19:17,29.27516,-89.35158,4.6,325.3,511.0,MASTER TYLER,,WDC3431,31.0
367007750,2020-01-01T11:20:27,29.27645,-89.35253,4.7,329.7,511.0,MASTER TYLER,,WDC3431,31.0
367513750,2020-01-01T11:20:27,29.3555,-90.25025,0.0,360.0,511.0,MASTER TYLER,IMO9653226,WDG2256,30.0
367513750,2020-01-01T11:21:37,29.35549,-90.25025,0.0,360.0,511.0,MASTER TYLER,IMO9653226,WDG2256,30.0
367007750,2020-01-01T11:21:38,29.27772,-89.35342,4.7,329.5,511.0,MASTER TYLER,,WDC3431,31.0
367007750,2020-01-01T11:23:17,29.27955,-89.35472,4.5,330.1,511.0,MASTER TYLER,,WDC3431,31.0
367513750,2020-01-01T11:23:27,29.35549,-90.25025,0.0,360.0,511.0,MASTER TYLER,IMO9653226,WDG2256,30.0
367513750,2020-01-01T11:24:36,29.3555,-90.25024,0.0,360.0,511.0,MASTER TYLER,IMO9653226,WDG2256,30.0
367007750,2020-01-01T11:25:17,29.28164,-89.35619,4.4,325.9,511.0,MASTER TYLER,,WDC3431,31.0
367513750,2020-01-01T11:25:37,29.35551,-90.25024,0.0,360.0,511.0,MASTER TYLER,IMO9653226,WDG2256,30.0
367513750,2020-01-01T11:26:47,29.35552,-90.25025,0.0,360.0,511.0,MASTER TYLER,IMO9653226,WDG2256,30.0
367007750,2020-01-01T11:27:17,29.28363,-89.35784,4.5,329.5,511.0,MASTER TYLER,,WDC3431,31.0
367513750,2020-01-01T11:28:17,29.35552,-90.25025,0.0,360.0,511.0,MASTER TYLER,IMO9653226,WDG2256,30.0
367007750,2020-01-01T11:28:27,29.28481,-89.35868,4.3,327.5,511.0,MASTER TYLER,,WDC3431,31.0
367007750,2020-01-01T11:29:38,29.286,-89.35952,4.2,327.5,511.0,MASTER TYLER,,WDC3431,31.0
367513750,2020-01-01T11:29:47,29.35553,-90.25024,0.0,360.0,511.0,MASTER TYLER,IMO9653226,WDG2256,30.0
367007750,2020-01-01T11:30:49,29.28718,-89.36041,4.3,324.6,511.0,MASTER TYLER,,WDC3431,31.0
367513750,2020-01-01T11:31:37,29.35553,-90.25023,0.0,360.0,511.0,MASTER TYLER,IMO9653226,WDG2256,30.0
367007750,2020-01-01T11:32:38,29.28894,-89.36168,4.1,328.4,511.0,MASTER TYLER,,WDC3431,31.0
367513750,2020-01-01T11:33:07,29.35553,-90.25024,0.0,360.0,511.0,MASTER TYLER,IMO9653226,WDG2256,30.0
367007750,2020-01-01T11:33:57,29.29025,-89.3626,4.1,327.8,511.0,MASTER TYLER,,WDC3431,31.0
367513750,2020-01-01T11:34:37,29.35553,-90.25024,0.0,360.0,511.0,MASTER TYLER,IMO9653226,WDG2256,30.0
367007750,2020-01-01T11:35:38,29.29176,-89.36387,4.1,322.7,511.0,MASTER TYLER,,WDC3431,31.0
367513750,2020-01-01T11:36:47,29.35555,-90.25024,0.0,360.0,511.0,MASTER TYLER,IMO9653226,WDG2256,30.0
367007750,2020-01-01T11:38:09,29.2942,-89.36575,4.2,328.4,511.0,MASTER TYLER,,WDC3431,31.0
367007750,2020-01-01T11:39:38,29.29565,-89.36684,4.3,323.2,511.0,MASTER TYLER,,WDC3431,31.0
367513750,2020-01-01T11:39:47,29.35557,-90.25025,0.0,360.0,511.0,MASTER TYLER,IMO9653226,WDG2256,30.0
367007750,2020-01-01T11:41:08,29.2971,-89.36797,4.2,326.7,511.0,MASTER TYLER,,WDC3431,31.0
367513750,2020-01-01T11:41:37,29.35558,-90.25026,0.0,360.0,511.0,MASTER TYLER,IMO9653226,WDG2256,30.0
367007750,2020-01-01T11:42:27,29.2984,-89.36898,4.3,321.3,511.0,MASTER TYLER,,WDC3431,31.0
367513750,2020-01-01T11:42:38,29.35558,-90.25026,0.0,360.0,511.0,MASTER TYLER,IMO9653226,WDG2256,30.0
367007750,2020-01-01T11:43:49,29.29967,-89.37008,4.3,323.3,511.0,MASTER TYLER,,WDC3431,31.0
367513750,2020-01-01T11:44:56,29.35555,-90.25025,0.0,360.0,511.0,MASTER TYLER,IMO9653226,WDG2256,30.0
367007750,2020-01-01T11:45:49,29.30161,-89.37159,4.3,327.1,511.0,MASTER TYLER,,WDC3431,31.0
367513750,2020-01-01T11:46:16,29.35553,-90.25026,0.0,360.0,511.0,MASTER TYLER,IMO9653226,WDG2256,30.0
367513750,2020-01-01T11:47:37,29.35554,-90.25026,0.0,360.0,511.0,MASTER TYLER,IMO9653226,WDG2256,30.0
367007750,2020-01-01T11:47:37,29.3035,-89.37286,4.3,327.7,511.0,MASTER TYLER,,WDC3431,31.0
367007750,2020-01-01T11:48:38,29.30445,-89.37363,4.2,327.3,511.0,MASTER TYLER,,WDC3431,31.0
367513750,2020-01-01T11:49:16,29.35553,-90.25026,0.0,360.0,511.0,MASTER TYLER,IMO9653226,WDG2256,30.0
367007750,2020-01-01T11:49:58,29.30579,-89.37458,4.2,326.6,511.0,MASTER TYLER,,WDC3431,31.0
367007750,2020-01-01T11:51:17,29.30699,-89.37566,4.2,322.5,511.0,MASTER TYLER,,WDC3431,31.0
367513750,2020-01-01T11:51:56,29.35554,-90.25026,0.0,360.0,511.0,MASTER TYLER,IMO9653226,WDG2256,30.0
367007750,2020-01-01T11:52:28,29.30815,-89.37663,4.4,330.2,511.0,MASTER TYLER,,WDC3431,31.0
367513750,2020-01-01T11:53:56,29.35553,-90.25026,0.0,360.0,511.0,MASTER TYLER,IMO9653226,WDG2256,30.0
367513750,2020-01-01T11:54:57,29.35553,-90.25026,0.0,360.0,511.0,MASTER TYLER,IMO9653226,WDG2256,30.0
367007750,2020-01-01T11:55:18,29.31093,-89.37912,4.5,326.0,511.0,MASTER TYLER,,WDC3431,31.0
367007750,2020-01-01T11:56:19,29.31192,-89.37995,4.5,326.5,511.0,MASTER TYLER,,WDC3431,31.0
367513750,2020-01-01T11:57:57,29.35553,-90.25025,0.0,360.0,511.0,MASTER TYLER,IMO9653226,WDG2256,30.0
367513750,2020-01-01T11:59:07,29.35552,-90.25024,0.0,360.0,511.0,MASTER TYLER,IMO9653226,WDG2256,30.0
367007750,2020-01-01T11:59:17,29.31493,-89.3824,4.4,319.4,511.0,MASTER TYLER,,WDC3431,31.0
367513750,2020-01-01T12:00:07,29.35552,-90.25024,0.0,360.0,511.0,MASTER TYLER,IMO9653226,WDG2256,30.0
367007750,2020-01-01T12:00:08,29.31573,-89.38316,4.4,322.2,511.0,MASTER TYLER,,WDC3431,31.0
367007750,2020-01-01T12:01:17,29.31684,-89.38414,4.5,324.0,511.0,MASTER TYLER,,WDC3431,31.0
367513750,2020-01-01T12:01:17,29.35553,-90.25026,0.0,360.0,511.0,MASTER TYLER,IMO9653226,WDG2256,30.0
367513750,2020-01-01T12:02:25,29.35552,-90.25027,0.0,360.0,511.0,MASTER TYLER,IMO9653226,WDG2256,30.0
367007750,2020-01-01T12:02:28,29.31801,-89.38513,4.4,324.1,511.0,MASTER TYLER,,WDC3431,31.0
367007750,2020-01-01T12:03:38,29.31913,-89.38609,4.3,322.1,511.0,MASTER TYLER,,WDC3431,31.0
367513750,2020-01-01T12:03:47,29.35551,-90.25026,0.0,360.0,511.0,MASTER TYLER,IMO9653226,WDG2256,30.0
367007750,2020-01-01T12:04:48,29.32023,-89.38706,4.2,321.4,511.0,MASTER TYLER,,WDC3431,31.0
367513750,2020-01-01T12:04:57,29.35551,-90.25026,0.0,360.0,511.0,MASTER TYLER,IMO9653226,WDG2256,30.0
367007750,2020-01-01T12:05:58,29.3213,-89.38802,4.2,322.2,511.0,MASTER TYLER,,WDC3431,31.0
367513750,2020-01-01T12:06:06,29.35552,-90.25025,0.0,360.0,511.0,MASTER TYLER,IMO9653226,WDG2256,30.0
367513750,2020-01-01T12:07:07,29.35551,-90.25025,0.0,360.0,511.0,MASTER TYLER,IMO9653226,WDG2256,30.0
367007750,2020-01-01T12:07:28,29.32265,-89.38931,4.2,315.4,511.0,MASTER TYLER,,WDC3431,31.0
367513750,2020-01-01T12:08:26,29.35552,-90.25025,0.0,360.0,511.0,MASTER TYLER,IMO9653226,WDG2256,30.0
367007750,2020-01-01T12:08:47,29.32397,-89.39018,4.2,330.4,511.0,MASTER TYLER,,WDC3431,31.0
367513750,2020-01-01T12:09:56,29.3555,-90.25025,0.0,360.0,511.0,MASTER TYLER,IMO9653226,WDG2256,30.0
367007750,2020-01-01T12:09:58,29.32517,-89.39102,4.2,323.9,511.0,MASTER TYLER,,WDC3431,31.0
367007750,2020-01-01T12:11:18,29.32642,-89.39198,4.2,325.3,511.0,MASTER TYLER,,WDC3431,31.0
367513750,2020-01-01T12:11:36,29.35549,-90.25024,0.0,360.0,511.0,MASTER TYLER,IMO9653226,WDG2256,30.0
367007750,2020-01-01T12:12:27,29.32749,-89.39291,4.1,321.7,511.0,MASTER TYLER,,WDC3431,31.0
367513750,2020-01-01T12:13:17,29.3555,-90.25024,0.0,360.0,511.0,MASTER TYLER,IMO9653226,WDG2256,30.0
367007750,2020-01-01T12:14:08,29.32897,-89.39434,4.2,317.8,511.0,MASTER TYLER,,WDC3431,31.0
367513750,2020-01-01T12:14:36,29.35551,-90.25024,0.0,360.0,511.0,MASTER TYLER,IMO9653226,WDG2256,30.0
367007750,2020-01-01T12:15:09,29.32986,-89.39521,4.3,317.9,511.0,MASTER TYLER,,WDC3431,31.0
367513750,2020-01-01T12:15:47,29.35551,-90.25023,0.0,360.0,511.0,MASTER TYLER,IMO9653226,WDG2256,30.0
367007750,2020-01-01T12:16:18,29.33089,-89.39629,4.3,318.6,511.0,MASTER TYLER,,WDC3431,31.0
367513750,2020-01-01T12:17:06,29.35551,-90.25024,0.0,360.0,511.0,MASTER TYLER,IMO9653226,WDG2256,30.0
367007750,2020-01-01T12:18:08,29.33256,-89.39795,4.3,316.7,511.0,MASTER TYLER,,WDC3431,31.0
367513750,2020-01-01T12:18:57,29.35552,-90.25025,0.0,360.0,511.0,MASTER TYLER,IMO9653226,WDG2256,30.0
367007750,2020-01-01T12:19:17,29.3336,-89.39899,4.3,317.9,511.0,MASTER TYLER,,WDC3431,31.0
367513750,2020-01-01T12:20:06,29.35551,-90.25026,0.0,360.0,511.0,MASTER TYLER,IMO9653226,WDG2256,30.0
367007750,2020-01-01T12:20:18,29.33451,-89.39996,4.4,316.2,511.0,MASTER TYLER,,WDC3431,31.0
367007750,2020-01-01T12:21:29,29.33555,-89.40102,4.4,315.5,511.0,MASTER TYLER,,WDC3431,31.0
367513750,2020-01-01T12:21:57,29.35553,-90.25026,0.0,360.0,511.0,MASTER TYLER,IMO9653226,WDG2256,30.0
367007750,2020-01-01T12:23:18,29.33719,-89.40285,4.4,315.5,511.0,MASTER TYLER,,WDC3431,31.0
367513750,2020-01-01T12:23:27,29.35554,-90.25026,0.0,360.0,511.0,MASTER TYLER,IMO9653226,WDG2256,30.0
367007750,2020-01-01T12:24:48,29.33854,-89.4043,4.5,315.8,511.0,MASTER TYLER,,WDC3431,31.0
367513750,2020-01-01T12:25:57,29.35554,-90.25025,0.0,360.0,511.0,MASTER TYLER,IMO9653226,WDG2256,30.0
367007750,2020-01-01T12:26:48,29.34026,-89.40636,4.5,310.7,511.0,MASTER TYLER,,WDC3431,31.0
367513750,2020-01-01T12:27:36,29.35553,-90.25024,0.0,360.0,511.0,MASTER TYLER,IMO9653226,WDG2256,30.0
367007750,2020-01-01T12:27:58,29.34119,-89.40754,4.2,314.8,511.0,MASTER TYLER,,WDC3431,31.0
367513750,2020-01-01T12:28:57,29.35551,-90.25024,0.0,360.0,511.0,MASTER TYLER,IMO9653226,WDG2256,30.0
367007750,2020-01-01T12:29:08,29.34222,-89.40864,4.5,315.9,511.0,MASTER TYLER,,WDC3431,31.0
367513750,2020-01-01T12:30:37,29.35551,-90.25023,0.0,360.0,511.0,MASTER TYLER,IMO9653226,WDG2256,30.0
367007750,2020-01-01T12:30:48,29.3436,-89.41036,4.5,309.2,511.0,MASTER TYLER,,WDC3431,31.0
367007750,2020-01-01T12:32:08,29.34461,-89.41189,4.6,310.3,511.0,MASTER TYLER,,WDC3431,31.0
367513750,2020-01-01T12:32:26,29.35551,-90.25024,0.0,360.0,511.0,MASTER TYLER,IMO9653226,WDG2256,30.0
367513750,2020-01-01T12:33:37,29.35552,-90.25025,0.0,360.0,511.0,MASTER TYLER,IMO9653226,WDG2256,30.0
367007750,2020-01-01T12:34:08,29.34619,-89.41416,4.6,308.8,511.0,MASTER TYLER,,WDC3431,31.0
367513750,2020-01-01T12:34:56,29.35551,-90.25026,0.0,360.0,511.0,MASTER TYLER,IMO9653226,WDG2256,30.0
367007750,2020-01-01T12:35:27,29.34721,-89.41569,4.7,306.0,511.0,MASTER TYLER,,WDC3431,31.0
367513750,2020-01-01T12:36:07,29.35551,-90.25026,0.0,360.0,511.0,MASTER TYLER,IMO9653226,WDG2256,30.0
367007750,2020-01-01T12:36:48,29.34825,-89.4173,4.7,307.7,511.0,MASTER TYLER,,WDC3431,31.0
367007750,2020-01-01T12:38:27,29.3495,-89.4193,4.7,308.3,511.0,MASTER TYLER,,WDC3431,31.0
367513750,2020-01-01T12:38:57,29.35551,-90.25027,0.0,360.0,511.0,MASTER TYLER,IMO9653226,WDG2256,30.0
367007750,2020-01-01T12:39:48,29.35063,-89.42083,4.6,307.6,511.0,MASTER TYLER,,WDC3431,31.0
367513750,2020-01-01T12:40:16,29.35551,-90.25027,0.0,360.0,511.0,MASTER TYLER,IMO9653226,WDG2256,30.0
367513750,2020-01-01T12:41:46,29.35552,-90.25028,0.0,360.0,511.0,MASTER TYLER,IMO9653226,WDG2256,30.0
367007750,2020-01-01T12:41:57,29.35231,-89.42327,4.5,310.3,511.0,MASTER TYLER,,WDC3431,31.0
367513750,2020-01-01T12:42:47,29.35552,-90.25028,0.0,360.0,511.0,MASTER TYLER,IMO9653226,WDG2256,30.0
367007750,2020-01-01T12:43:57,29.35366,-89.42558,4.4,298.9,511.0,MASTER TYLER,,WDC3431,31.0
367513750,2020-01-01T12:44:15,29.35551,-90.25028,0.0,360.0,511.0,MASTER TYLER,IMO9653226,WDG2256,30.0
367007750,2020-01-01T12:45:08,29.35438,-89.42703,4.5,300.5,511.0,MASTER TYLER,,WDC3431,31.0
367513750,2020-01-01T12:45:16,29.35551,-90.25027,0.0,360.0,511.0,MASTER TYLER,IMO9653226,WDG2256,30.0
367007750,2020-01-01T12:46:19,29.35513,-89.42848,4.5,301.5,511.0,MASTER TYLER,,WDC3431,31.0
367007750,2020-01-01T12:47:28,29.35586,-89.42994,4.5,299.0,511.0,MASTER TYLER,,WDC3431,31.0
367513750,2020-01-01T12:48:36,29.35552,-90.25029,0.0,360.0,511.0,MASTER TYLER,IMO9653226,WDG2256,30.0
367007750,2020-01-01T12:49:57,29.35744,-89.43306,4.6,301.3,511.0,MASTER TYLER,,WDC3431,31.0
367007750,2020-01-01T12:51:28,29.35846,-89.43502,4.7,299.4,511.0,MASTER TYLER,,WDC3431,31.0
367513750,2020-01-01T12:52:36,29.35551,-90.25028,0.0,360.0,511.0,MASTER TYLER,IMO9653226,WDG2256,30.0
367513750,2020-01-01T12:53:57,29.35551,-90.25027,0.0,360.0,511.0,MASTER TYLER,IMO9653226,WDG2256,30.0
367007750,2020-01-01T12:54:57,29.36067,-89.43929,4.5,301.0,511.0,MASTER TYLER,,WDC3431,31.0
367513750,2020-01-01T12:55:17,29.35552,-90.25025,0.0,360.0,511.0,MASTER TYLER,IMO9653226,WDG2256,30.0
367007750,2020-01-01T12:55:58,29.36127,-89.44054,4.4,296.1,511.0,MASTER TYLER,,WDC3431,31.0
367513750,2020-01-01T12:56:25,29.35552,-90.25025,0.0,360.0,511.0,MASTER TYLER,IMO9653226,WDG2256,30.0
367007750,2020-01-01T12:57:09,29.36186,-89.44203,4.3,286.8,511.0,MASTER TYLER,,WDC3431,31.0
367513750,2020-01-01T12:57:37,29.35552,-90.25025,0.0,360.0,511.0,MASTER TYLER,IMO9653226,WDG2256,30.0
367007750,2020-01-01T12:58:18,29.36218,-89.44357,4.3,278.4,511.0,MASTER TYLER,,WDC3431,31.0
367513750,2020-01-01T12:58:56,29.35552,-90.25024,0.0,360.0,511.0,MASTER TYLER,IMO9653226,WDG2256,30.0
367007750,2020-01-01T12:59:29,29.36232,-89.44514,4.3,271.9,511.0,MASTER TYLER,,WDC3431,31.0
367513750,2020-01-01T13:00:06,29.35552,-90.25024,0.0,360.0,511.0,MASTER TYLER,IMO9653226,WDG2256,30.0
367007750,2020-01-01T13:00:09,29.3623,-89.44603,4.2,266.3,511.0,MASTER TYLER,,WDC3431,31.0
367513750,2020-01-01T13:01:16,29.35552,-90.25023,0.0,360.0,511.0,MASTER TYLER,IMO9653226,WDG2256,30.0
367007750,2020-01-01T13:01:18,29.36223,-89.44758,4.2,272.2,511.0,MASTER TYLER,,WDC3431,31.0
367007750,2020-01-01T13:02:29,29.36239,-89.44912,4.1,269.2,511.0,MASTER TYLER,,WDC3431,31.0
367513750,2020-01-01T13:02:37,29.35552,-90.25024,0.0,360.0,511.0,MASTER TYLER,IMO9653226,WDG2256,30.0
367007750,2020-01-01T13:03:37,29.36207,-89.45051,4.0,245.6,511.0,MASTER TYLER,,WDC3431,31.0
367513750,2020-01-01T13:04:07,29.35551,-90.25025,0.0,360.0,511.0,MASTER TYLER,IMO9653226,WDG2256,30.0
367007750,2020-01-01T13:04:48,29.36146,-89.45189,4.2,240.6,511.0,MASTER TYLER,,WDC3431,31.0
367513750,2020-01-01T13:05:16,29.35552,-90.25025,0.0,360.0,511.0,MASTER TYLER,IMO9653226,WDG2256,30.0
367007750,2020-01-01T13:05:58,29.36078,-89.45321,4.1,240.1,511.0,MASTER TYLER,,WDC3431,31.0
367513750,2020-01-01T13:06:37,29.35551,-90.25026,0.0,360.0,511.0,MASTER TYLER,IMO9653226,WDG2256,30.0
367007750,2020-01-01T13:07:08,29.36018,-89.45458,4.1,238.3,511.0,MASTER TYLER,,WDC3431,31.0
367513750,2020-01-01T13:08:07,29.35551,-90.25026,0.0,360.0,511.0,MASTER TYLER,IMO9653226,WDG2256,30.0
367007750,2020-01-01T13:08:28,29.35941,-89.4561,4.0,245.4,511.0,MASTER TYLER,,WDC3431,31.0
367007750,2020-01-01T13:09:37,29.35894,-89.45744,4.2,250.7,511.0,MASTER TYLER,,WDC3431,31.0
367513750,2020-01-01T13:09:37,29.35552,-90.25026,0.0,360.0,511.0,MASTER TYLER,IMO9653226,WDG2256,30.0
367007750,2020-01-01T13:10:47,29.35853,-89.45893,4.2,252.0,511.0,MASTER TYLER,,WDC3431,31.0
367513750,2020-01-01T13:10:47,29.35552,-90.25026,0.0,360.0,511.0,MASTER TYLER,IMO9653226,WDG2256,30.0
367513750,2020-01-01T13:11:57,29.35552,-90.25025,0.0,360.0,511.0,MASTER TYLER,IMO9653226,WDG2256,30.0
367007750,2020-01-01T13:11:57,29.35808,-89.4604,4.4,251.1,511.0,MASTER TYLER,,WDC3431,31.0
367007750,2020-01-01T13:13:08,29.3575,-89.46194,4.5,244.6,511.0,MASTER TYLER,,WDC3431,31.0
367513750,2020-01-01T13:13:37,29.35552,-90.25024,0.0,360.0,511.0,MASTER TYLER,IMO9653226,WDG2256,30.0
367513750,2020-01-01T13:14:46,29.35552,-90.25023,0.0,360.0,511.0,MASTER TYLER,IMO9653226,WDG2256,30.0
367007750,2020-01-01T13:14:49,29.35633,-89.46391,4.6,231.1,511.0,MASTER TYLER,,WDC3431,31.0
367007750,2020-01-01T13:16:28,29.35481,-89.46558,4.6,221.6,511.0,MASTER TYLER,,WDC3431,31.0
367513750,2020-01-01T13:16:36,29.35551,-90.25024,0.0,360.0,511.0,MASTER TYLER,IMO9653226,WDG2256,30.0
367007750,2020-01-01T13:17:37,29.35365,-89.46666,4.9,217.0,511.0,MASTER TYLER,,WDC3431,31.0
367513750,2020-01-01T13:17:46,29.35551,-90.25023,0.0,360.0,511.0,MASTER TYLER,IMO9653226,WDG2256,30.0
367007750,2020-01-01T13:18:58,29.3522,-89.46793,4.7,218.1,511.0,MASTER TYLER,,WDC3431,31.0
367513750,2020-01-01T13:19:07,29.35551,-90.25025,0.0,360.0,511.0,MASTER TYLER,IMO9653226,WDG2256,30.0
367007750,2020-01-01T13:20:27,29.35085,-89.46963,5.1,224.7,511.0,MASTER TYLER,,WDC3431,31.0
367513750,2020-01-01T13:20:37,29.35552,-90.25025,0.0,360.0,511.0,MASTER TYLER,IMO9653226,WDG2256,30.0
367007750,2020-01-01T13:21:58,29.34913,-89.47142,5.6,223.5,511.0,MASTER TYLER,,WDC3431,31.0
367513750,2020-01-01T13:22:17,29.35551,-90.25024,0.0,360.0,511.0,MASTER TYLER,IMO9653226,WDG2256,30.0
367007750,2020-01-01T13:23:08,29.34784,-89.47297,6.0,227.6,511.0,MASTER TYLER,,WDC3431,31.0
367513750,2020-01-01T13:23:46,29.35549,-90.25025,0.0,360.0,511.0,MASTER TYLER,IMO9653226,WDG2256,30.0
367007750,2020-01-01T13:24:19,29.34646,-89.4747,6.5,231.4,511.0,MASTER TYLER,,WDC3431,31.0
367513750,2020-01-01T13:25:07,29.35549,-90.25025,0.0,360.0,511.0,MASTER TYLER,IMO9653226,WDG2256,30.0
367007750,2020-01-01T13:25:38,29.34542,-89.47701,5.6,253.7,511.0,MASTER TYLER,,WDC3431,31.0
367513750,2020-01-01T13:26:16,29.35549,-90.25024,0.0,360.0,511.0,MASTER TYLER,IMO9653226,WDG2256,30.0
367007750,2020-01-01T13:26:39,29.34512,-89.47873,5.2,263.7,511.0,MASTER TYLER,,WDC3431,31.0
367513750,2020-01-01T13:27:26,29.35551,-90.25025,0.0,360.0,511.0,MASTER TYLER,IMO9653226,WDG2256,30.0
367007750,2020-01-01T13:29:08,29.34578,-89.48192,3.8,303.7,511.0,MASTER TYLER,,WDC3431,31.0
367513750,2020-01-01T13:29:47,29.3555,-90.25025,0.0,360.0,511.0,MASTER TYLER,IMO9653226,WDG2256,30.0
367007750,2020-01-01T13:30:17,29.34653,-89.48301,4.1,296.5,511.0,MASTER TYLER,,WDC3431,31.0
367513750,2020-01-01T13:31:36,29.3555,-90.25025,0.0,360.0,511.0,MASTER TYLER,IMO9653226,WDG2256,30.0
367007750,2020-01-01T13:31:37,29.34698,-89.48461,3.9,285.4,511.0,MASTER TYLER,,WDC3431,31.0
367513750,2020-01-01T13:32:47,29.35551,-90.25026,0.0,360.0,511.0,MASTER TYLER,IMO9653226,WDG2256,30.0
367007750,2020-01-01T13:32:58,29.34742,-89.48617,3.8,287.5,511.0,MASTER TYLER,,WDC3431,31.0
367007750,2020-01-01T13:34:08,29.34799,-89.48739,3.8,299.4,511.0,MASTER TYLER,,WDC3431,31.0
367513750,2020-01-01T13:34:36,29.35551,-90.25026,0.0,360.0,511.0,MASTER TYLER,IMO9653226,WDG2256,30.0
367007750,2020-01-01T13:35:28,29.34853,-89.48893,3.9,288.1,511.0,MASTER TYLER,,WDC3431,31.0
367513750,2020-01-01T13:35:38,29.35552,-90.25027,0.0,360.0,511.0,MASTER TYLER,IMO9653226,WDG2256,30.0
367513750,2020-01-01T13:36:46,29.35553,-90.25028,0.0,360.0,511.0,MASTER TYLER,IMO9653226,WDG2256,30.0
367007750,2020-01-01T13:36:58,29.3492,-89.49058,3.9,307.3,511.0,MASTER TYLER,,WDC3431,31.0
367007750,2020-01-01T13:38:28,29.34997,-89.49227,4.0,301.6,511.0,MASTER TYLER,,WDC3431,31.0
367513750,2020-01-01T13:39:06,29.35552,-90.25028,0.0,360.0,511.0,MASTER TYLER,IMO9653226,WDG2256,30.0
367007750,2020-01-01T13:40:58,29.35116,-89.49511,4.0,295.8,511.0,MASTER TYLER,,WDC3431,31.0
367513750,2020-01-01T13:41:36,29.35551,-90.25028,0.0,360.0,511.0,MASTER TYLER,IMO9653226,WDG2256,30.0
367007750,2020-01-01T13:42:38,29.352,-89.49698,3.9,294.5,511.0,MASTER TYLER,,WDC3431,31.0
367513750,2020-01-01T13:43:07,29.35552,-90.25029,0.0,360.0,511.0,MASTER TYLER,IMO9653226,WDG2256,30.0
367007750,2020-01-01T13:43:48,29.35255,-89.49826,3.9,296.5,511.0,MASTER TYLER,,WDC3431,31.0
367513750,2020-01-01T13:44:36,29.35553,-90.25029,0.0,360.0,511.0,MASTER TYLER,IMO9653226,WDG2256,30.0
367513750,2020-01-01T13:46:07,29.35553,-90.25029,0.0,360.0,511.0,MASTER TYLER,IMO9653226,WDG2256,30.0
367007750,2020-01-01T13:46:38,29.35395,-89.50137,3.9,297.7,511.0,MASTER TYLER,,WDC3431,31.0
367513750,2020-01-01T13:48:27,29.35555,-90.25028,0.0,360.0,511.0,MASTER TYLER,IMO9653226,WDG2256,30.0
367007750,2020-01-01T13:48:28,29.35492,-89.50332,3.9,297.9,511.0,MASTER TYLER,,WDC3431,31.0
367007750,2020-01-01T13:50:08,29.35568,-89.50514,3.9,294.2,511.0,MASTER TYLER,,WDC3431,31.0
367513750,2020-01-01T13:50:48,29.35555,-90.25028,0.0,360.0,511.0,MASTER TYLER,IMO9653226,WDG2256,30.0
367007750,2020-01-01T13:51:28,29.35636,-89.50661,4.0,297.0,511.0,MASTER TYLER,,WDC3431,31.0
367007750,2020-01-01T13:52:38,29.35689,-89.50794,4.0,292.2,511.0,MASTER TYLER,,WDC3431,31.0
367513750,2020-01-01T13:53:16,29.35554,-90.25029,0.0,360.0,511.0,MASTER TYLER,IMO9653226,WDG2256,30.0
367007750,2020-01-01T13:54:38,29.35778,-89.51021,3.8,292.0,511.0,MASTER TYLER,,WDC3431,31.0
367513750,2020-01-01T13:55:56,29.35553,-90.25028,0.0,360.0,511.0,MASTER TYLER,IMO9653226,WDG2256,30.0
367007750,2020-01-01T13:56:27,29.35848,-89.51222,3.8,300.8,511.0,MASTER TYLER,,WDC3431,31.0
367513750,2020-01-01T13:57:06,29.35553,-90.2503,0.0,360.0,511.0,MASTER TYLER,IMO9653226,WDG2256,30.0
367007750,2020-01-01T13:57:37,29.3584,-89.51354,4.3,244.0,511.0,MASTER TYLER,,WDC3431,31.0
367513750,2020-01-01T13:58:26,29.35554,-90.25031,0.0,360.0,511.0,MASTER TYLER,IMO9653226,WDG2256,30.0
367007750,2020-01-01T13:58:48,29.35865,-89.5148,3.7,304.8,511.0,MASTER TYLER,,WDC3431,31.0
367513750,2020-01-01T13:59:36,29.35554,-90.2503,0.0,360.0,511.0,MASTER TYLER,IMO9653226,WDG2256,30.0
367007750,2020-01-01T13:59:58,29.35939,-89.51598,3.8,304.4,511.0,MASTER TYLER,,WDC3431,31.0
367513750,2020-01-01T14:00:06,29.35554,-90.2503,0.0,360.0,511.0,MASTER TYLER,IMO9653226,WDG2256,30.0
367007750,2020-01-01T14:00:07,29.35948,-89.51613,3.8,303.8,511.0,MASTER TYLER,,WDC3431,31.0
367007750,2020-01-01T14:01:08,29.35999,-89.51718,3.8,294.0,511.0,MASTER TYLER,,WDC3431,31.0
367513750,2020-01-01T14:01:16,29.35553,-90.2503,0.0,360.0,511.0,MASTER TYLER,IMO9653226,WDG2256,30.0
367007750,2020-01-01T14:02:18,29.36044,-89.51847,3.8,289.8,511.0,MASTER TYLER,,WDC3431,31.0
367513750,2020-01-01T14:02:47,29.35553,-90.25031,0.0,360.0,511.0,MASTER TYLER,IMO9653226,WDG2256,30.0
367007750,2020-01-01T14:03:29,29.36097,-89.51977,3.8,294.9,511.0,MASTER TYLER,,WDC3431,31.0
367513750,2020-01-01T14:03:57,29.35552,-90.2503,0.0,360.0,511.0,MASTER TYLER,IMO9653226,WDG2256,30.0
367007750,2020-01-01T14:04:37,29.36149,-89.52107,4.0,293.8,511.0,MASTER TYLER,,WDC3431,31.0
367513750,2020-01-01T14:04:58,29.35552,-90.2503,0.0,360.0,511.0,MASTER TYLER,IMO9653226,WDG2256,30.0
367007750,2020-01-01T14:05:48,29.36193,-89.52247,4.1,291.1,511.0,MASTER TYLER,,WDC3431,31.0
367513750,2020-01-01T14:06:17,29.35552,-90.25031,0.0,360.0,511.0,MASTER TYLER,IMO9653226,WDG2256,30.0
367007750,2020-01-01T14:06:59,29.36231,-89.52392,4.0,288.5,511.0,MASTER TYLER,,WDC3431,31.0
367513750,2020-01-01T14:07:27,29.35553,-90.25032,0.0,360.0,511.0,MASTER TYLER,IMO9653226,WDG2256,30.0
367007750,2020-01-01T14:08:17,29.36268,-89.5255,4.1,281.5,511.0,MASTER TYLER,,WDC3431,31.0
367513750,2020-01-01T14:08:46,29.35553,-90.25032,0.0,360.0,511.0,MASTER TYLER,IMO9653226,WDG2256,30.0
367007750,2020-01-01T14:09:29,29.36314,-89.52696,4.1,288.6,511.0,MASTER TYLER,,WDC3431,31.0
367513750,2020-01-01T14:09:47,29.35554,-90.25033,0.0,360.0,511.0,MASTER TYLER,IMO9653226,WDG2256,30.0
367513750,2020-01-01T14:10:48,29.35555,-90.25033,0.0,360.0,511.0,MASTER TYLER,IMO9653226,WDG2256,30.0
367007750,2020-01-01T14:11:17,29.36365,-89.52922,4.1,283.3,511.0,MASTER TYLER,,WDC3431,31.0
367513750,2020-01-01T14:11:57,29.35556,-90.25033,0.0,360.0,511.0,MASTER TYLER,IMO9653226,WDG2256,30.0
367007750,2020-01-01T14:12:18,29.36394,-89.53054,4.1,285.9,511.0,MASTER TYLER,,WDC3431,31.0
367513750,2020-01-01T14:13:17,29.35557,-90.25032,0.0,360.0,511.0,MASTER TYLER,IMO9653226,WDG2256,30.0
367007750,2020-01-01T14:13:28,29.36429,-89.53198,4.2,287.3,511.0,MASTER TYLER,,WDC3431,31.0
367513750,2020-01-01T14:14:18,29.35557,-90.25032,0.0,360.0,511.0,MASTER TYLER,IMO9653226,WDG2256,30.0
367007750,2020-01-01T14:14:47,29.36472,-89.53365,4.0,285.3,511.0,MASTER TYLER,,WDC3431,31.0
367513750,2020-01-01T14:15:27,29.35557,-90.25032,0.0,360.0,511.0,MASTER TYLER,IMO9653226,WDG2256,30.0
367007750,2020-01-01T14:15:49,29.36505,-89.53491,4.2,288.7,511.0,MASTER TYLER,,WDC3431,31.0
367513750,2020-01-01T14:16:57,29.35555,-90.2503,0.0,360.0,511.0,MASTER TYLER,IMO9653226,WDG2256,30.0
367007750,2020-01-01T14:16:58,29.36555,-89.53632,4.2,291.0,511.0,MASTER TYLER,,WDC3431,31.0
367513750,2020-01-01T14:18:07,29.35556,-90.2503,0.0,360.0,511.0,MASTER TYLER,IMO9653226,WDG2256,30.0
367007750,2020-01-01T14:18:27,29.36606,-89.53834,4.5,284.4,511.0,MASTER TYLER,,WDC3431,31.0
367513750,2020-01-01T14:19:16,29.35555,-90.2503,0.0,360.0,511.0,MASTER TYLER,IMO9653226,WDG2256,30.0
367007750,2020-01-01T14:19:57,29.3666,-89.54036,4.5,285.8,511.0,MASTER TYLER,,WDC3431,31.0
367513750,2020-01-01T14:20:37,29.35557,-90.2503,0.0,360.0,511.0,MASTER TYLER,IMO9653226,WDG2256,30.0
367007750,2020-01-01T14:21:27,29.36715,-89.54241,4.4,287.8,511.0,MASTER TYLER,,WDC3431,31.0
367513750,2020-01-01T14:21:47,29.35556,-90.25029,0.0,360.0,511.0,MASTER TYLER,IMO9653226,WDG2256,30.0
367007750,2020-01-01T14:22:37,29.36751,-89.54397,4.3,285.9,511.0,MASTER TYLER,,WDC3431,31.0
367513750,2020-01-01T14:22:56,29.35555,-90.25029,0.0,360.0,511.0,MASTER TYLER,IMO9653226,WDG2256,30.0
367007750,2020-01-01T14:23:49,29.36787,-89.54556,4.3,281.1,511.0,MASTER TYLER,,WDC3431,31.0
367513750,2020-01-01T14:24:06,29.35554,-90.25029,0.0,360.0,511.0,MASTER TYLER,IMO9653226,WDG2256,30.0
367513750,2020-01-01T14:25:07,29.35553,-90.25029,0.0,360.0,511.0,MASTER TYLER,IMO9653226,WDG2256,30.0
367007750,2020-01-01T14:25:27,29.36835,-89.54768,4.2,282.5,511.0,MASTER TYLER,,WDC3431,31.0
367513750,2020-01-01T14:27:17,29.35554,-90.25028,0.0,360.0,511.0,MASTER TYLER,IMO9653226,WDG2256,30.0
367007750,2020-01-01T14:27:18,29.36877,-89.54998,3.9,280.1,511.0,MASTER TYLER,,WDC3431,31.0
367007750,2020-01-01T14:28:27,29.36894,-89.55141,4.0,266.0,511.0,MASTER TYLER,,WDC3431,31.0
367513750,2020-01-01T14:29:36,29.35554,-90.25027,0.0,360.0,511.0,MASTER TYLER,IMO9653226,WDG2256,30.0
367007750,2020-01-01T14:29:57,29.36937,-89.55321,3.8,291.3,511.0,MASTER TYLER,,WDC3431,31.0
367513750,2020-01-01T14:30:57,29.35553,-90.25025,0.0,360.0,511.0,MASTER TYLER,IMO9653226,WDG2256,30.0
367007750,2020-01-01T14:31:08,29.36996,-89.55443,3.7,301.3,511.0,MASTER TYLER,,WDC3431,31.0
367513750,2020-01-01T14:32:06,29.35554,-90.25027,0.0,360.0,511.0,MASTER TYLER,IMO9653226,WDG2256,30.0
367007750,2020-01-01T14:33:28,29.37113,-89.55695,3.9,296.4,511.0,MASTER TYLER,,WDC3431,31.0
367513750,2020-01-01T14:33:57,29.35554,-90.25027,0.0,360.0,511.0,MASTER TYLER,IMO9653226,WDG2256,30.0
367513750,2020-01-01T14:35:06,29.35553,-90.25027,0.0,360.0,511.0,MASTER TYLER,IMO9653226,WDG2256,30.0
367007750,2020-01-01T14:35:28,29.37213,-89.55916,4.0,298.5,511.0,MASTER TYLER,,WDC3431,31.0
367513750,2020-01-01T14:36:26,29.35553,-90.25027,0.0,360.0,511.0,MASTER TYLER,IMO9653226,WDG2256,30.0
367007750,2020-01-01T14:36:47,29.37288,-89.5606,4.0,293.6,511.0,MASTER TYLER,,WDC3431,31.0
367007750,2020-01-01T14:37:48,29.37333,-89.56179,4.1,292.2,511.0,MASTER TYLER,,WDC3431,31.0
367513750,2020-01-01T14:38:36,29.35554,-90.25027,0.0,360.0,511.0,MASTER TYLER,IMO9653226,WDG2256,30.0
367007750,2020-01-01T14:39:38,29.3742,-89.56396,4.0,298.1,511.0,MASTER TYLER,,WDC3431,31.0
367513750,2020-01-01T14:39:45,29.35552,-90.25026,0.0,360.0,511.0,MASTER TYLER,IMO9653226,WDG2256,30.0
367513750,2020-01-01T14:40:46,29.35553,-90.25026,0.0,360.0,511.0,MASTER TYLER,IMO9653226,WDG2256,30.0
367007750,2020-01-01T14:41:27,29.37515,-89.56604,4.1,292.2,511.0,MASTER TYLER,,WDC3431,31.0
367007750,2020-01-01T14:43:27,29.37595,-89.56848,4.1,298.4,511.0,MASTER TYLER,,WDC3431,31.0
367513750,2020-01-01T14:43:37,29.35553,-90.25025,0.0,360.0,511.0,MASTER TYLER,IMO9653226,WDG2256,30.0
367007750,2020-01-01T14:44:37,29.37665,-89.56977,4.1,305.9,511.0,MASTER TYLER,,WDC3431,31.0
367007750,2020-01-01T14:45:38,29.37719,-89.57095,4.1,295.0,511.0,MASTER TYLER,,WDC3431,31.0
367513750,2020-01-01T14:46:06,29.35553,-90.25025,0.0,360.0,511.0,MASTER TYLER,IMO9653226,WDG2256,30.0
367007750,2020-01-01T14:46:57,29.37787,-89.57246,4.1,298.3,511.0,MASTER TYLER,,WDC3431,31.0
367513750,2020-01-01T14:47:16,29.35553,-90.25026,0.0,360.0,511.0,MASTER TYLER,IMO9653226,WDG2256,30.0
367513750,2020-01-01T14:48:17,29.35552,-90.25026,0.0,360.0,511.0,MASTER TYLER,IMO9653226,WDG2256,30.0
367007750,2020-01-01T14:48:37,29.37876,-89.57437,4.1,305.7,511.0,MASTER TYLER,,WDC3431,31.0
367513750,2020-01-01T14:49:26,29.35551,-90.25025,0.0,360.0,511.0,MASTER TYLER,IMO9653226,WDG2256,30.0
367007750,2020-01-01T14:49:57,29.37977,-89.57567,4.2,311.0,511.0,MASTER TYLER,,WDC3431,31.0
367513750,2020-01-01T14:50:56,29.35552,-90.25026,0.0,360.0,511.0,MASTER TYLER,IMO9653226,WDG2256,30.0
367007750,2020-01-01T14:50:59,29.38053,-89.57673,4.2,310.5,511.0,MASTER TYLER,,WDC3431,31.0
367513750,2020-01-01T14:53:56,29.35552,-90.25027,0.0,360.0,511.0,MASTER TYLER,IMO9653226,WDG2256,30.0
367007750,2020-01-01T14:54:18,29.38302,-89.58022,4.4,306.8,511.0,MASTER TYLER,,WDC3431,31.0
367513750,2020-01-01T14:55:17,29.35554,-90.25028,0.0,360.0,511.0,MASTER TYLER,IMO9653226,WDG2256,30.0
367513750,2020-01-01T14:56:56,29.35554,-90.25028,0.0,360.0,511.0,MASTER TYLER,IMO9653226,WDG2256,30.0
367007750,2020-01-01T14:57:07,29.38498,-89.58339,4.3,302.6,511.0,MASTER TYLER,,WDC3431,31.0
367513750,2020-01-01T14:57:57,29.35553,-90.25027,0.0,360.0,511.0,MASTER TYLER,IMO9653226,WDG2256,30.0
367007750,2020-01-01T14:58:18,29.3857,-89.58478,4.3,300.3,511.0,MASTER TYLER,,WDC3431,31.0
367513750,2020-01-01T14:58:58,29.35554,-90.25027,0.0,360.0,511.0,MASTER TYLER,IMO9653226,WDG2256,30.0
367007750,2020-01-01T14:59:29,29.38646,-89.5861,4.2,309.5,511.0,MASTER TYLER,,WDC3431,31.0
367513750,2020-01-01T15:00:07,29.35554,-90.25027,0.0,360.0,511.0,MASTER TYLER,IMO9653226,WDG2256,30.0
367007750,2020-01-01T15:00:07,29.38694,-89.58671,4.0,312.8,511.0,MASTER TYLER,,WDC3431,31.0
367007750,2020-01-01T15:01:18,29.38788,-89.58782,4.1,316.0,511.0,MASTER TYLER,,WDC3431,31.0
367513750,2020-01-01T15:01:26,29.35555,-90.25028,0.0,360.0,511.0,MASTER TYLER,IMO9653226,WDG2256,30.0
367513750,2020-01-01T15:02:27,29.35556,-90.25027,0.0,360.0,511.0,MASTER TYLER,IMO9653226,WDG2256,30.0
367007750,2020-01-01T15:02:29,29.38888,-89.58883,4.1,320.5,511.0,MASTER TYLER,,WDC3431,31.0
367007750,2020-01-01T15:03:38,29.38988,-89.58979,4.1,317.1,511.0,MASTER TYLER,,WDC3431,31.0
367513750,2020-01-01T15:03:46,29.35555,-90.25026,0.0,360.0,511.0,MASTER TYLER,IMO9653226,WDG2256,30.0
367007750,2020-01-01T15:04:49,29.39079,-89.59089,4.1,306.1,511.0,MASTER TYLER,,WDC3431,31.0
367513750,2020-01-01T15:04:57,29.35555,-90.25026,0.0,360.0,511.0,MASTER TYLER,IMO9653226,WDG2256,30.0
367513750,2020-01-01T15:06:07,29.35555,-90.25025,0.0,360.0,511.0,MASTER TYLER,IMO9653226,WDG2256,30.0
367007750,2020-01-01T15:06:08,29.39184,-89.59204,4.0,324.7,511.0,MASTER TYLER,,WDC3431,31.0
367513750,2020-01-01T15:07:08,29.35553,-90.25025,0.0,360.0,511.0,MASTER TYLER,IMO9653226,WDG2256,30.0
367007750,2020-01-01T15:07:38,29.39321,-89.59319,4.0,324.7,511.0,MASTER TYLER,,WDC3431,31.0
367513750,2020-01-01T15:08:36,29.35554,-90.25026,0.0,360.0,511.0,MASTER TYLER,IMO9653226,WDG2256,30.0
367007750,2020-01-01T15:08:49,29.39415,-89.59419,4.0,314.4,511.0,MASTER TYLER,,WDC3431,31.0
367007750,2020-01-01T15:09:59,29.3951,-89.59519,4.0,316.7,511.0,MASTER TYLER,,WDC3431,31.0
367513750,2020-01-01T15:10:27,29.35553,-90.25026,0.0,360.0,511.0,MASTER TYLER,IMO9653226,WDG2256,30.0
367007750,2020-01-01T15:11:08,29.39608,-89.59605,3.8,332.1,511.0,MASTER TYLER,,WDC3431,31.0
367513750,2020-01-01T15:11:28,29.35553,-90.25024,0.0,360.0,511.0,MASTER TYLER,IMO9653226,WDG2256,30.0
367007750,2020-01-01T15:12:19,29.39725,-89.59664,4.0,331.8,511.0,MASTER TYLER,,WDC3431,31.0
367513750,2020-01-01T15:12:36,29.35553,-90.25023,0.0,360.0,511.0,MASTER TYLER,IMO9653226,WDG2256,30.0
367007750,2020-01-01T15:13:57,29.3989,-89.59764,4.0,331.9,511.0,MASTER TYLER,,WDC3431,31.0
367513750,2020-01-01T15:14:07,29.35553,-90.25022,0.0,360.0,511.0,MASTER TYLER,IMO9653226,WDG2256,30.0
367007750,2020-01-01T15:15:21,29.40023,-89.59841,4.0,336.3,511.0,MASTER TYLER,,WDC3431,31.0
367513750,2020-01-01T15:15:36,29.35552,-90.25023,0.0,360.0,511.0,MASTER TYLER,IMO9653226,WDG2256,30.0
367007750,2020-01-01T15:16:29,29.40144,-89.599,4.0,335.4,511.0,MASTER TYLER,,WDC3431,31.0
367513750,2020-01-01T15:16:47,29.35552,-90.25025,0.0,360.0,511.0,MASTER TYLER,IMO9653226,WDG2256,30.0
367007750,2020-01-01T15:17:37,29.4026,-89.59967,4.2,331.4,511.0,MASTER TYLER,,WDC3431,31.0
367513750,2020-01-01T15:17:57,29.35553,-90.25026,0.0,360.0,511.0,MASTER TYLER,IMO9653226,WDG2256,30.0
367007750,2020-01-01T15:18:48,29.40383,-89.6004,4.1,334.2,511.0,MASTER TYLER,,WDC3431,31.0
367513750,2020-01-01T15:19:16,29.35553,-90.25027,0.0,360.0,511.0,MASTER TYLER,IMO9653226,WDG2256,30.0
367007750,2020-01-01T15:19:58,29.405,-89.60107,3.9,336.6,511.0,MASTER TYLER,,WDC3431,31.0
367513750,2020-01-01T15:20:27,29.35552,-90.25027,0.0,360.0,511.0,MASTER TYLER,IMO9653226,WDG2256,30.0
367007750,2020-01-01T15:21:37,29.40674,-89.60162,4.0,339.5,511.0,MASTER TYLER,,WDC3431,31.0
367513750,2020-01-01T15:21:57,29.35554,-90.25027,0.0,360.0,511.0,MASTER TYLER,IMO9653226,WDG2256,30.0
367007750,2020-01-01T15:22:48,29.40806,-89.60212,4.1,344.3,511.0,MASTER TYLER,,WDC3431,31.0
367513750,2020-01-01T15:23:17,29.35553,-90.25027,0.0,360.0,511.0,MASTER TYLER,IMO9653226,WDG2256,30.0
367513750,2020-01-01T15:24:27,29.35554,-90.25027,0.0,360.0,511.0,MASTER TYLER,IMO9653226,WDG2256,30.0
367007750,2020-01-01T15:24:27,29.40973,-89.60295,4.3,307.9,511.0,MASTER TYLER,,WDC3431,31.0
367007750,2020-01-01T15:25:37,29.41044,-89.60439,4.8,293.3,511.0,MASTER TYLER,,WDC3431,31.0
367513750,2020-01-01T15:26:47,29.35553,-90.25027,0.0,360.0,511.0,MASTER TYLER,IMO9653226,WDG2256,30.0
367007750,2020-01-01T15:26:49,29.41117,-89.60594,4.5,302.3,511.0,MASTER TYLER,,WDC3431,31.0
367513750,2020-01-01T15:27:56,29.35553,-90.25027,0.0,360.0,511.0,MASTER TYLER,IMO9653226,WDG2256,30.0
367007750,2020-01-01T15:27:59,29.41207,-89.60726,4.3,317.1,511.0,MASTER TYLER,,WDC3431,31.0
367007750,2020-01-01T15:29:28,29.4136,-89.60831,4.3,340.3,511.0,MASTER TYLER,,WDC3431,31.0
367513750,2020-01-01T15:29:56,29.35555,-90.25027,0.0,360.0,511.0,MASTER TYLER,IMO9653226,WDG2256,30.0
367007750,2020-01-01T15:30:38,29.415,-89.60866,4.4,348.7,511.0,MASTER TYLER,,WDC3431,31.0
367513750,2020-01-01T15:31:56,29.35554,-90.25027,0.0,360.0,511.0,MASTER TYLER,IMO9653226,WDG2256,30.0
367007750,2020-01-01T15:32:27,29.41731,-89.60899,4.7,357.3,511.0,MASTER TYLER,,WDC3431,31.0
367513750,2020-01-01T15:33:27,29.35556,-90.25027,0.0,360.0,511.0,MASTER TYLER,IMO9653226,WDG2256,30.0
367007750,2020-01-01T15:33:28,29.41866,-89.60896,4.8,4.3,511.0,MASTER TYLER,,WDC3431,31.0
367007750,2020-01-01T15:35:27,29.42131,-89.6085,4.8,10.5,511.0,MASTER TYLER,,WDC3431,31.0
367513750,2020-01-01T15:35:46,29.35556,-90.25027,0.0,360.0,511.0,MASTER TYLER,IMO9653226,WDG2256,30.0
367007750,2020-01-01T15:36:48,29.42309,-89.60801,4.9,18.4,511.0,MASTER TYLER,,WDC3431,31.0
367513750,2020-01-01T15:38:27,29.35555,-90.25027,0.0,360.0,511.0,MASTER TYLER,IMO9653226,WDG2256,30.0
367007750,2020-01-01T15:38:48,29.42574,-89.60706,4.9,15.6,511.0,MASTER TYLER,,WDC3431,31.0
367007750,2020-01-01T15:40:37,29.42812,-89.6063,5.0,16.8,511.0,MASTER TYLER,,WDC3431,31.0
367513750,2020-01-01T15:40:46,29.35554,-90.25028,0.0,360.0,511.0,MASTER TYLER,IMO9653226,WDG2256,30.0
367007750,2020-01-01T15:43:57,29.43256,-89.60422,5.2,25.5,511.0,MASTER TYLER,,WDC3431,31.0
367513750,2020-01-01T15:44:07,29.35554,-90.25028,0.0,360.0,511.0,MASTER TYLER,IMO9653226,WDG2256,30.0
367007750,2020-01-01T15:45:38,29.43484,-89.60314,5.4,18.9,511.0,MASTER TYLER,,WDC3431,31.0
367007750,2020-01-01T15:46:47,29.43664,-89.60252,6.2,14.1,511.0,MASTER TYLER,,WDC3431,31.0
367513750,2020-01-01T15:47:25,29.35553,-90.25026,0.0,360.0,511.0,MASTER TYLER,IMO9653226,WDG2256,30.0
367007750,2020-01-01T15:47:57,29.43859,-89.60214,6.1,353.2,511.0,MASTER TYLER,,WDC3431,31.0
367513750,2020-01-01T15:48:36,29.35553,-90.25026,0.0,360.0,511.0,MASTER TYLER,IMO9653226,WDG2256,30.0
367513750,2020-01-01T15:49:46,29.35553,-90.25027,0.0,360.0,511.0,MASTER TYLER,IMO9653226,WDG2256,30.0
367007750,2020-01-01T15:50:27,29.44215,-89.60256,4.6,341.9,511.0,MASTER TYLER,,WDC3431,31.0
367513750,2020-01-01T15:52:27,29.35552,-90.25028,0.0,360.0,511.0,MASTER TYLER,IMO9653226,WDG2256,30.0
367007750,2020-01-01T15:52:28,29.44432,-89.6038,4.3,327.0,511.0,MASTER TYLER,,WDC3431,31.0
367007750,2020-01-01T15:53:38,29.44543,-89.60476,4.3,317.7,511.0,MASTER TYLER,,WDC3431,31.0
367513750,2020-01-01T15:54:27,29.35553,-90.25026,0.0,360.0,511.0,MASTER TYLER,IMO9653226,WDG2256,30.0
367007750,2020-01-01T15:54:48,29.44639,-89.60586,4.2,313.0,511.0,MASTER TYLER,,WDC3431,31.0
367513750,2020-01-01T15:56:17,29.35552,-90.25027,0.0,360.0,511.0,MASTER TYLER,IMO9653226,WDG2256,30.0
367007750,2020-01-01T15:57:08,29.44833,-89.60816,4.3,314.3,511.0,MASTER TYLER,,WDC3431,31.0
367513750,2020-01-01T15:57:47,29.35553,-90.25027,0.0,360.0,511.0,MASTER TYLER,IMO9653226,WDG2256,30.0
367007750,2020-01-01T15:58:38,29.4495,-89.60962,4.3,310.4,511.0,MASTER TYLER,,WDC3431,31.0
367513750,2020-01-01T15:58:56,29.35553,-90.25026,0.0,360.0,511.0,MASTER TYLER,IMO9653226,WDG2256,30.0
367007750,2020-01-01T15:59:47,29.45037,-89.61083,4.1,304.6,511.0,MASTER TYLER,,WDC3431,31.0
367007750,2020-01-01T16:00:08,29.45064,-89.61121,4.2,312.3,511.0,MASTER TYLER,,WDC3431,31.0
367513750,2020-01-01T16:00:26,29.35552,-90.25026,0.0,360.0,511.0,MASTER TYLER,IMO9653226,WDG2256,30.0
367007750,2020-01-01T16:01:19,29.4514,-89.61241,4.1,294.6,511.0,MASTER TYLER,,WDC3431,31.0
367513750,2020-01-01T16:01:36,29.35553,-90.25026,0.0,360.0,511.0,MASTER TYLER,IMO9653226,WDG2256,30.0
367007750,2020-01-01T16:02:27,29.45181,-89.61383,4.4,296.2,511.0,MASTER TYLER,,WDC3431,31.0
367513750,2020-01-01T16:02:57,29.35553,-90.25027,0.0,360.0,511.0,MASTER TYLER,IMO9653226,WDG2256,30.0
367007750,2020-01-01T16:03:38,29.45233,-89.61538,4.4,288.1,511.0,MASTER TYLER,,WDC3431,31.0
367513750,2020-01-01T16:04:26,29.35552,-90.25028,0.0,360.0,511.0,MASTER TYLER,IMO9653226,WDG2256,30.0
367007750,2020-01-01T16:04:58,29.45284,-89.61716,4.5,284.6,511.0,MASTER TYLER,,WDC3431,31.0
367513750,2020-01-01T16:05:36,29.35552,-90.25028,0.0,360.0,511.0,MASTER TYLER,IMO9653226,WDG2256,30.0
367007750,2020-01-01T16:06:08,29.45319,-89.61881,4.7,282.0,511.0,MASTER TYLER,,WDC3431,31.0
367513750,2020-01-01T16:06:56,29.35552,-90.25028,0.0,360.0,511.0,MASTER TYLER,IMO9653226,WDG2256,30.0
367007750,2020-01-01T16:07:17,29.45352,-89.62053,4.7,286.3,511.0,MASTER TYLER,,WDC3431,31.0
367513750,2020-01-01T16:08:07,29.35552,-90.25029,0.0,360.0,511.0,MASTER TYLER,IMO9653226,WDG2256,30.0
367007750,2020-01-01T16:08:29,29.45374,-89.62225,4.8,278.6,511.0,MASTER TYLER,,WDC3431,31.0
367513750,2020-01-01T16:09:16,29.35551,-90.25029,0.0,360.0,511.0,MASTER TYLER,IMO9653226,WDG2256,30.0
367007750,2020-01-01T16:09:49,29.45403,-89.62412,4.3,278.1,511.0,MASTER TYLER,,WDC3431,31.0
367513750,2020-01-01T16:10:37,29.35552,-90.25028,0.0,360.0,511.0,MASTER TYLER,IMO9653226,WDG2256,30.0
367007750,2020-01-01T16:11:27,29.45435,-89.62627,4.0,283.3,511.0,MASTER TYLER,,WDC3431,31.0
367513750,2020-01-01T16:12:07,29.35552,-90.25028,0.0,360.0,511.0,MASTER TYLER,IMO9653226,WDG2256,30.0
367007750,2020-01-01T16:13:08,29.45447,-89.62835,3.8,276.1,511.0,MASTER TYLER,,WDC3431,31.0
367513750,2020-01-01T16:13:26,29.35553,-90.25026,0.0,360.0,511.0,MASTER TYLER,IMO9653226,WDG2256,30.0
367007750,2020-01-01T16:14:09,29.4546,-89.62954,3.9,279.1,511.0,MASTER TYLER,,WDC3431,31.0
367513750,2020-01-01T16:14:37,29.35552,-90.25027,0.0,360.0,511.0,MASTER TYLER,IMO9653226,WDG2256,30.0
367007750,2020-01-01T16:15:18,29.45492,-89.63098,3.9,283.4,511.0,MASTER TYLER,,WDC3431,31.0
367513750,2020-01-01T16:15:55,29.35551,-90.25026,0.0,360.0,511.0,MASTER TYLER,IMO9653226,WDG2256,30.0
367007750,2020-01-01T16:16:37,29.45501,-89.63257,3.7,263.1,511.0,MASTER TYLER,,WDC3431,31.0
367513750,2020-01-01T16:17:07,29.3555,-90.25027,0.0,360.0,511.0,MASTER TYLER,IMO9653226,WDG2256,30.0
367007750,2020-01-01T16:18:08,29.45502,-89.63435,3.8,272.7,511.0,MASTER TYLER,,WDC3431,31.0
367513750,2020-01-01T16:19:07,29.3555,-90.25029,0.0,360.0,511.0,MASTER TYLER,IMO9653226,WDG2256,30.0
367007750,2020-01-01T16:19:47,29.45516,-89.63629,3.8,274.3,511.0,MASTER TYLER,,WDC3431,31.0
367513750,2020-01-01T16:20:17,29.3555,-90.25029,0.0,360.0,511.0,MASTER TYLER,IMO9653226,WDG2256,30.0
367007750,2020-01-01T16:20:48,29.45528,-89.63746,3.7,274.6,511.0,MASTER TYLER,,WDC3431,31.0
367513750,2020-01-01T16:22:17,29.35551,-90.25028,0.0,360.0,511.0,MASTER TYLER,IMO9653226,WDG2256,30.0
367007750,2020-01-01T16:22:38,29.45544,-89.63972,4.0,280.4,511.0,MASTER TYLER,,WDC3431,31.0
367513750,2020-01-01T16:23:36,29.35552,-90.25029,0.0,360.0,511.0,MASTER TYLER,IMO9653226,WDG2256,30.0
367007750,2020-01-01T16:24:38,29.45599,-89.64202,3.5,281.7,511.0,MASTER TYLER,,WDC3431,31.0
367513750,2020-01-01T16:25:36,29.35553,-90.2503,0.0,360.0,511.0,MASTER TYLER,IMO9653226,WDG2256,30.0
367007750,2020-01-01T16:26:27,29.45636,-89.64397,3.5,286.5,511.0,MASTER TYLER,,WDC3431,31.0
367007750,2020-01-01T16:27:38,29.45655,-89.64531,3.8,278.5,511.0,MASTER TYLER,,WDC3431,31.0
367513750,2020-01-01T16:27:47,29.35553,-90.2503,0.0,360.0,511.0,MASTER TYLER,IMO9653226,WDG2256,30.0
367007750,2020-01-01T16:28:49,29.45679,-89.64664,3.6,281.0,511.0,MASTER TYLER,,WDC3431,31.0
367513750,2020-01-01T16:29:07,29.35554,-90.25029,0.0,360.0,511.0,MASTER TYLER,IMO9653226,WDG2256,30.0
367513750,2020-01-01T16:30:17,29.35553,-90.25029,0.0,360.0,511.0,MASTER TYLER,IMO9653226,WDG2256,30.0
367007750,2020-01-01T16:30:38,29.45697,-89.64875,3.9,275.2,511.0,MASTER TYLER,,WDC3431,31.0
367513750,2020-01-01T16:32:47,29.35553,-90.25028,0.0,360.0,511.0,MASTER TYLER,IMO9653226,WDG2256,30.0
367007750,2020-01-01T16:32:48,29.45788,-89.651,4.1,327.0,511.0,MASTER TYLER,,WDC3431,31.0
367513750,2020-01-01T16:33:56,29.35554,-90.25029,0.0,360.0,511.0,MASTER TYLER,IMO9653226,WDG2256,30.0
367007750,2020-01-01T16:34:38,29.45953,-89.65231,3.9,321.1,511.0,MASTER TYLER,,WDC3431,31.0
367513750,2020-01-01T16:35:26,29.35553,-90.25029,0.0,360.0,511.0,MASTER TYLER,IMO9653226,WDG2256,30.0
367007750,2020-01-01T16:36:09,29.46073,-89.6535,3.8,308.6,511.0,MASTER TYLER,,WDC3431,31.0
367513750,2020-01-01T16:37:26,29.35551,-90.25028,0.0,360.0,511.0,MASTER TYLER,IMO9653226,WDG2256,30.0
367007750,2020-01-01T16:37:48,29.46187,-89.65508,4.0,316.9,511.0,MASTER TYLER,,WDC3431,31.0
367513750,2020-01-01T16:38:37,29.35551,-90.25029,0.0,360.0,511.0,MASTER TYLER,IMO9653226,WDG2256,30.0
367513750,2020-01-01T16:39:38,29.35552,-90.25028,0.0,360.0,511.0,MASTER TYLER,IMO9653226,WDG2256,30.0
367007750,2020-01-01T16:40:48,29.46347,-89.65847,4.0,297.5,511.0,MASTER TYLER,,WDC3431,31.0
367513750,2020-01-01T16:41:06,29.35552,-90.25027,0.0,360.0,511.0,MASTER TYLER,IMO9653226,WDG2256,30.0
367007750,2020-01-01T16:41:58,29.46408,-89.65981,4.2,295.0,511.0,MASTER TYLER,,WDC3431,31.0
367513750,2020-01-01T16:42:16,29.35553,-90.25026,0.0,360.0,511.0,MASTER TYLER,IMO9653226,WDG2256,30.0
367007750,2020-01-01T16:43:08,29.46468,-89.66115,4.1,297.6,511.0,MASTER TYLER,,WDC3431,31.0
367513750,2020-01-01T16:43:26,29.35553,-90.25026,0.0,360.0,511.0,MASTER TYLER,IMO9653226,WDG2256,30.0
367007750,2020-01-01T16:44:17,29.46528,-89.66251,4.1,296.6,511.0,MASTER TYLER,,WDC3431,31.0
367513750,2020-01-01T16:44:35,29.35554,-90.25025,0.0,360.0,511.0,MASTER TYLER,IMO9653226,WDG2256,30.0
367007750,2020-01-01T16:45:29,29.46587,-89.66392,4.1,297.4,511.0,MASTER TYLER,,WDC3431,31.0
367513750,2020-01-01T16:47:17,29.35553,-90.25025,0.0,360.0,511.0,MASTER TYLER,IMO9653226,WDG2256,30.0
367007750,2020-01-01T16:48:38,29.46783,-89.66745,4.1,302.8,511.0,MASTER TYLER,,WDC3431,31.0
367513750,2020-01-01T16:49:46,29.35553,-90.25025,0.0,360.0,511.0,MASTER TYLER,IMO9653226,WDG2256,30.0
367007750,2020-01-01T16:50:38,29.46919,-89.66958,4.1,318.8,511.0,MASTER TYLER,,WDC3431,31.0
367513750,2020-01-01T16:50:57,29.35552,-90.25025,0.0,360.0,511.0,MASTER TYLER,IMO9653226,WDG2256,30.0
367007750,2020-01-01T16:51:48,29.47028,-89.67056,4.5,321.8,511.0,MASTER TYLER,,WDC3431,31.0
367513750,2020-01-01T16:52:06,29.35552,-90.25025,0.0,360.0,511.0,MASTER TYLER,IMO9653226,WDG2256,30.0
367513750,2020-01-01T16:53:36,29.35552,-90.25026,0.0,360.0,511.0,MASTER TYLER,IMO9653226,WDG2256,30.0
367007750,2020-01-01T16:55:07,29.47331,-89.67416,4.8,308.5,511.0,MASTER TYLER,,WDC3431,31.0
367513750,2020-01-01T16:55:36,29.35552,-90.25027,0.0,360.0,511.0,MASTER TYLER,IMO9653226,WDG2256,30.0
367007750,2020-01-01T16:57:07,29.47499,-89.67656,4.8,309.6,511.0,MASTER TYLER,,WDC3431,31.0
367007750,2020-01-01T16:58:18,29.47599,-89.67795,4.8,309.6,511.0,MASTER TYLER,,WDC3431,31.0
367513750,2020-01-01T16:58:36,29.35553,-90.25026,0.0,360.0,511.0,MASTER TYLER,IMO9653226,WDG2256,30.0
367007750,2020-01-01T16:59:29,29.477,-89.67931,4.8,309.1,511.0,MASTER TYLER,,WDC3431,31.0
367513750,2020-01-01T16:59:37,29.35553,-90.25025,0.0,360.0,511.0,MASTER TYLER,IMO9653226,WDG2256,30.0
367007750,2020-01-01T17:00:09,29.47758,-89.6801,4.9,309.8,511.0,MASTER TYLER,,WDC3431,31.0
367513750,2020-01-01T17:00:26,29.35552,-90.25026,0.0,360.0,511.0,MASTER TYLER,IMO9653226,WDG2256,30.0
367007750,2020-01-01T17:01:18,29.47855,-89.68145,4.8,308.3,511.0,MASTER TYLER,,WDC3431,31.0
367513750,2020-01-01T17:01:36,29.35552,-90.25027,0.0,360.0,511.0,MASTER TYLER,IMO9653226,WDG2256,30.0
367007750,2020-01-01T17:02:29,29.47948,-89.68287,4.6,308.6,511.0,MASTER TYLER,,WDC3431,31.0
367513750,2020-01-01T17:03:16,29.35551,-90.25029,0.0,360.0,511.0,MASTER TYLER,IMO9653226,WDG2256,30.0
367007750,2020-01-01T17:03:38,29.48036,-89.6842,4.5,294.5,511.0,MASTER TYLER,,WDC3431,31.0
367513750,2020-01-01T17:04:27,29.35552,-90.25028,0.0,360.0,511.0,MASTER TYLER,IMO9653226,WDG2256,30.0
367007750,2020-01-01T17:04:48,29.48124,-89.68537,4.2,318.7,511.0,MASTER TYLER,,WDC3431,31.0
367513750,2020-01-01T17:05:47,29.35553,-90.25028,0.0,360.0,511.0,MASTER TYLER,IMO9653226,WDG2256,30.0
367007750,2020-01-01T17:05:59,29.48223,-89.68651,4.3,314.8,511.0,MASTER TYLER,,WDC3431,31.0
367007750,2020-01-01T17:07:08,29.48318,-89.68759,4.1,312.6,511.0,MASTER TYLER,,WDC3431,31.0
367513750,2020-01-01T17:07:37,29.35553,-90.25028,0.0,360.0,511.0,MASTER TYLER,IMO9653226,WDG2256,30.0
367007750,2020-01-01T17:08:09,29.48392,-89.68857,4.0,312.4,511.0,MASTER TYLER,,WDC3431,31.0
367513750,2020-01-01T17:08:57,29.35552,-90.25028,0.0,360.0,511.0,MASTER TYLER,IMO9653226,WDG2256,30.0
367007750,2020-01-01T17:09:18,29.48481,-89.68959,3.9,319.4,511.0,MASTER TYLER,,WDC3431,31.0
367007750,2020-01-01T17:10:19,29.48565,-89.69035,3.8,328.0,511.0,MASTER TYLER,,WDC3431,31.0
367513750,2020-01-01T17:10:37,29.35553,-90.25027,0.0,360.0,511.0,MASTER TYLER,IMO9653226,WDG2256,30.0
367007750,2020-01-01T17:11:27,29.48673,-89.69103,4.0,330.9,511.0,MASTER TYLER,,WDC3431,31.0
367513750,2020-01-01T17:11:47,29.35554,-90.25028,0.0,360.0,511.0,MASTER TYLER,IMO9653226,WDG2256,30.0
367007750,2020-01-01T17:12:47,29.48806,-89.69184,4.2,328.9,511.0,MASTER TYLER,,WDC3431,31.0
367513750,2020-01-01T17:13:07,29.35555,-90.25029,0.0,360.0,511.0,MASTER TYLER,IMO9653226,WDG2256,30.0
367513750,2020-01-01T17:14:16,29.35554,-90.25028,0.0,360.0,511.0,MASTER TYLER,IMO9653226,WDG2256,30.0
367007750,2020-01-01T17:14:38,29.48977,-89.69342,4.3,314.1,511.0,MASTER TYLER,,WDC3431,31.0
367007750,2020-01-01T17:15:58,29.49098,-89.69454,4.0,317.1,511.0,MASTER TYLER,,WDC3431,31.0
367513750,2020-01-01T17:16:07,29.35553,-90.25028,0.0,360.0,511.0,MASTER TYLER,IMO9653226,WDG2256,30.0
367007750,2020-01-01T17:17:08,29.49195,-89.6955,4.0,318.6,511.0,MASTER TYLER,,WDC3431,31.0
367513750,2020-01-01T17:17:47,29.35554,-90.25028,0.0,360.0,511.0,MASTER TYLER,IMO9653226,WDG2256,30.0
367007750,2020-01-01T17:18:47,29.49319,-89.69685,3.7,314.8,511.0,MASTER TYLER,,WDC3431,31.0
367007750,2020-01-01T17:19:49,29.49391,-89.6977,3.5,317.9,511.0,MASTER TYLER,,WDC3431,31.0
367513750,2020-01-01T17:20:25,29.35555,-90.25026,0.0,360.0,511.0,MASTER TYLER,IMO9653226,WDG2256,30.0
367007750,2020-01-01T17:20:58,29.49461,-89.6987,3.6,302.2,511.0,MASTER TYLER,,WDC3431,31.0
367513750,2020-01-01T17:21:26,29.35556,-90.25025,0.0,360.0,511.0,MASTER TYLER,IMO9653226,WDG2256,30.0
367007750,2020-01-01T17:22:08,29.49483,-89.70017,4.4,274.6,511.0,MASTER TYLER,,WDC3431,31.0
367513750,2020-01-01T17:23:06,29.35555,-90.25025,0.0,360.0,511.0,MASTER TYLER,IMO9653226,WDG2256,30.0
367007750,2020-01-01T17:23:17,29.49496,-89.70186,4.6,276.5,511.0,MASTER TYLER,,WDC3431,31.0
367007750,2020-01-01T17:24:27,29.49524,-89.70354,4.7,282.7,511.0,MASTER TYLER,,WDC3431,31.0
367513750,2020-01-01T17:25:46,29.35555,-90.25025,0.0,360.0,511.0,MASTER TYLER,IMO9653226,WDG2256,30.0
367007750,2020-01-01T17:26:18,29.49639,-89.70573,4.4,310.4,511.0,MASTER TYLER,,WDC3431,31.0
367513750,2020-01-01T17:27:27,29.35554,-90.25026,0.0,360.0,511.0,MASTER TYLER,IMO9653226,WDG2256,30.0
367007750,2020-01-01T17:27:47,29.49778,-89.7071,4.5,323.5,511.0,MASTER TYLER,,WDC3431,31.0
367513750,2020-01-01T17:28:57,29.35552,-90.25027,0.0,360.0,511.0,MASTER TYLER,IMO9653226,WDG2256,30.0
367007750,2020-01-01T17:29:18,29.49929,-89.70837,4.5,317.4,511.0,MASTER TYLER,,WDC3431,31.0
367513750,2020-01-01T17:30:16,29.35553,-90.25027,0.0,360.0,511.0,MASTER TYLER,IMO9653226,WDG2256,30.0
367007750,2020-01-01T17:30:28,29.50043,-89.70946,4.6,323.5,511.0,MASTER TYLER,,WDC3431,31.0
367513750,2020-01-01T17:31:17,29.35553,-90.25026,0.0,360.0,511.0,MASTER TYLER,IMO9653226,WDG2256,30.0
367007750,2020-01-01T17:32:18,29.50236,-89.71103,4.7,322.6,511.0,MASTER TYLER,,WDC3431,31.0
367513750,2020-01-01T17:33:16,29.35554,-90.25026,0.0,360.0,511.0,MASTER TYLER,IMO9653226,WDG2256,30.0
367007750,2020-01-01T17:33:28,29.50359,-89.71203,4.7,327.6,511.0,MASTER TYLER,,WDC3431,31.0
367513750,2020-01-01T17:34:18,29.35554,-90.25025,0.0,360.0,511.0,MASTER TYLER,IMO9653226,WDG2256,30.0
367007750,2020-01-01T17:36:18,29.50668,-89.71437,4.7,325.6,511.0,MASTER TYLER,,WDC3431,31.0
367513750,2020-01-01T17:36:57,29.35553,-90.25025,0.0,360.0,511.0,MASTER TYLER,IMO9653226,WDG2256,30.0
367007750,2020-01-01T17:37:58,29.50844,-89.7158,4.7,322.3,511.0,MASTER TYLER,,WDC3431,31.0
367513750,2020-01-01T17:38:17,29.35553,-90.25025,0.0,360.0,511.0,MASTER TYLER,IMO9653226,WDG2256,30.0
367513750,2020-01-01T17:39:56,29.35552,-90.25025,0.0,360.0,511.0,MASTER TYLER,IMO9653226,WDG2256,30.0
367007750,2020-01-01T17:39:58,29.51053,-89.71773,5.0,321.8,511.0,MASTER TYLER,,WDC3431,31.0
367007750,2020-01-01T17:41:37,29.51238,-89.71942,5.2,323.1,511.0,MASTER TYLER,,WDC3431,31.0
367513750,2020-01-01T17:42:17,29.35553,-90.25025,0.0,360.0,511.0,MASTER TYLER,IMO9653226,WDG2256,30.0
367007750,2020-01-01T17:42:47,29.51372,-89.72061,5.3,318.9,511.0,MASTER TYLER,,WDC3431,31.0
367007750,2020-01-01T17:44:08,29.51522,-89.72212,5.4,318.4,511.0,MASTER TYLER,,WDC3431,31.0
367513750,2020-01-01T17:44:36,29.35551,-90.25026,0.0,360.0,511.0,MASTER TYLER,IMO9653226,WDG2256,30.0
367007750,2020-01-01T17:45:37,29.51692,-89.72383,5.8,320.7,511.0,MASTER TYLER,,WDC3431,31.0
367513750,2020-01-01T17:46:47,29.35552,-90.25025,0.0,360.0,511.0,MASTER TYLER,IMO9653226,WDG2256,30.0
367007750,2020-01-01T17:47:08,29.51882,-89.72576,5.9,317.8,511.0,MASTER TYLER,,WDC3431,31.0
367513750,2020-01-01T17:48:07,29.35551,-90.25025,0.0,360.0,511.0,MASTER TYLER,IMO9653226,WDG2256,30.0
367007750,2020-01-01T17:48:38,29.52058,-89.72796,6.8,312.5,511.0,MASTER TYLER,,WDC3431,31.0
367007750,2020-01-01T17:49:49,29.52201,-89.72979,5.8,302.5,511.0,MASTER TYLER,,WDC3431,31.0
367007750,2020-01-01T17:51:17,29.5232,-89.73195,5.2,303.4,511.0,MASTER TYLER,,WDC3431,31.0
367513750,2020-01-01T17:52:37,29.35551,-90.25024,0.0,360.0,511.0,MASTER TYLER,IMO9653226,WDG2256,30.0
367007750,2020-01-01T17:53:17,29.52431,-89.73437,4.2,291.5,511.0,MASTER TYLER,,WDC3431,31.0
367513750,2020-01-01T17:54:37,29.35551,-90.25025,0.0,360.0,511.0,MASTER TYLER,IMO9653226,WDG2256,30.0
367007750,2020-01-01T17:54:49,29.52484,-89.73635,4.5,287.7,511.0,MASTER TYLER,,WDC3431,31.0
367513750,2020-01-01T17:55:56,29.35551,-90.25025,0.0,360.0,511.0,MASTER TYLER,IMO9653226,WDG2256,30.0
367007750,2020-01-01T17:56:37,29.52558,-89.73884,4.9,292.2,511.0,MASTER TYLER,,WDC3431,31.0
367513750,2020-01-01T17:57:07,29.35551,-90.25025,0.0,360.0,511.0,MASTER TYLER,IMO9653226,WDG2256,30.0
367007750,2020-01-01T17:58:18,29.52644,-89.74121,4.8,294.8,511.0,MASTER TYLER,,WDC3431,31.0
367513750,2020-01-01T17:58:26,29.35552,-90.25025,0.0,360.0,511.0,MASTER TYLER,IMO9653226,WDG2256,30.0
367007750,2020-01-01T17:59:28,29.52707,-89.74295,5.2,291.9,511.0,MASTER TYLER,,WDC3431,31.0
367513750,2020-01-01T17:59:46,29.35553,-90.25025,0.0,360.0,511.0,MASTER TYLER,IMO9653226,WDG2256,30.0
367513750,2020-01-01T18:00:07,29.35553,-90.25026,0.0,360.0,511.0,MASTER TYLER,IMO9653226,WDG2256,30.0
367007750,2020-01-01T18:00:09,29.52754,-89.74392,5.0,298.9,511.0,MASTER TYLER,,WDC3431,31.0
367513750,2020-01-01T18:01:16,29.35553,-90.25026,0.0,360.0,511.0,MASTER TYLER,IMO9653226,WDG2256,30.0
367007750,2020-01-01T18:01:18,29.52829,-89.74544,4.8,301.8,511.0,MASTER TYLER,,WDC3431,31.0
367007750,2020-01-01T18:02:28,29.52909,-89.74699,5.0,299.4,511.0,MASTER TYLER,,WDC3431,31.0
367513750,2020-01-01T18:02:56,29.35552,-90.25026,0.0,360.0,511.0,MASTER TYLER,IMO9653226,WDG2256,30.0
367007750,2020-01-01T18:03:47,29.52995,-89.74872,4.7,300.6,511.0,MASTER TYLER,,WDC3431,31.0
367513750,2020-01-01T18:04:27,29.35553,-90.25025,0.0,360.0,511.0,MASTER TYLER,IMO9653226,WDG2256,30.0
367007750,2020-01-01T18:04:59,29.53077,-89.7502,4.6,306.2,511.0,MASTER TYLER,,WDC3431,31.0
367513750,2020-01-01T18:05:47,29.35553,-90.25025,0.0,360.0,511.0,MASTER TYLER,IMO9653226,WDG2256,30.0
367007750,2020-01-01T18:06:18,29.53176,-89.75176,4.6,300.3,511.0,MASTER TYLER,,WDC3431,31.0
367513750,2020-01-01T18:06:56,29.35551,-90.25026,0.0,360.0,511.0,MASTER TYLER,IMO9653226,WDG2256,30.0
367007750,2020-01-01T18:07:47,29.53272,-89.75373,4.7,305.5,511.0,MASTER TYLER,,WDC3431,31.0
367513750,2020-01-01T18:08:16,29.35552,-90.25026,0.0,360.0,511.0,MASTER TYLER,IMO9653226,WDG2256,30.0
367007750,2020-01-01T18:08:59,29.53359,-89.75521,4.9,303.0,511.0,MASTER TYLER,,WDC3431,31.0
367513750,2020-01-01T18:09:26,29.35552,-90.25027,0.0,360.0,511.0,MASTER TYLER,IMO9653226,WDG2256,30.0
367007750,2020-01-01T18:10:08,29.53442,-89.75674,4.9,305.1,511.0,MASTER TYLER,,WDC3431,31.0
367513750,2020-01-01T18:10:27,29.35552,-90.25027,0.0,360.0,511.0,MASTER TYLER,IMO9653226,WDG2256,30.0
367007750,2020-01-01T18:11:19,29.53541,-89.75818,4.9,307.1,511.0,MASTER TYLER,,WDC3431,31.0
367513750,2020-01-01T18:12:16,29.35552,-90.25026,0.0,360.0,511.0,MASTER TYLER,IMO9653226,WDG2256,30.0
367007750,2020-01-01T18:12:28,29.53642,-89.75961,5.0,313.0,511.0,MASTER TYLER,,WDC3431,31.0
367007750,2020-01-01T18:13:39,29.53752,-89.76095,4.9,311.4,511.0,MASTER TYLER,,WDC3431,31.0
367513750,2020-01-01T18:13:46,29.35552,-90.25027,0.0,360.0,511.0,MASTER TYLER,IMO9653226,WDG2256,30.0
367007750,2020-01-01T18:14:48,29.53856,-89.76231,4.9,311.9,511.0,MASTER TYLER,,WDC3431,31.0
367513750,2020-01-01T18:15:57,29.35552,-90.25028,0.0,360.0,511.0,MASTER TYLER,IMO9653226,WDG2256,30.0
367007750,2020-01-01T18:16:18,29.54006,-89.76394,4.9,320.2,511.0,MASTER TYLER,,WDC3431,31.0
367513750,2020-01-01T18:17:17,29.35552,-90.25026,0.0,360.0,511.0,MASTER TYLER,IMO9653226,WDG2256,30.0
367007750,2020-01-01T18:17:28,29.54132,-89.76502,5.1,326.3,511.0,MASTER TYLER,,WDC3431,31.0
367513750,2020-01-01T18:18:46,29.35552,-90.25027,0.0,360.0,511.0,MASTER TYLER,IMO9653226,WDG2256,30.0
367007750,2020-01-01T18:19:09,29.54323,-89.76649,4.6,326.6,511.0,MASTER TYLER,,WDC3431,31.0
367513750,2020-01-01T18:19:57,29.35552,-90.25026,0.0,360.0,511.0,MASTER TYLER,IMO9653226,WDG2256,30.0
367007750,2020-01-01T18:20:18,29.54446,-89.76734,4.4,331.1,511.0,MASTER TYLER,,WDC3431,31.0
367007750,2020-01-01T18:21:28,29.54569,-89.76809,4.3,328.5,511.0,MASTER TYLER,,WDC3431,31.0
367513750,2020-01-01T18:21:45,29.35553,-90.25025,0.0,360.0,511.0,MASTER TYLER,IMO9653226,WDG2256,30.0
367007750,2020-01-01T18:22:38,29.54685,-89.76889,4.1,327.3,511.0,MASTER TYLER,,WDC3431,31.0
367513750,2020-01-01T18:22:47,29.35552,-90.25025,0.0,360.0,511.0,MASTER TYLER,IMO9653226,WDG2256,30.0
367513750,2020-01-01T18:24:06,29.35551,-90.25025,0.0,360.0,511.0,MASTER TYLER,IMO9653226,WDG2256,30.0
367007750,2020-01-01T18:24:17,29.54811,-89.77043,4.4,294.9,511.0,MASTER TYLER,,WDC3431,31.0
367513750,2020-01-01T18:25:26,29.35552,-90.25026,0.0,360.0,511.0,MASTER TYLER,IMO9653226,WDG2256,30.0
367007750,2020-01-01T18:25:58,29.5491,-89.7726,4.5,312.2,511.0,MASTER TYLER,,WDC3431,31.0
367007750,2020-01-01T18:27:07,29.55029,-89.77361,4.7,325.7,511.0,MASTER TYLER,,WDC3431,31.0
367513750,2020-01-01T18:28:46,29.35552,-90.25026,0.0,360.0,511.0,MASTER TYLER,IMO9653226,WDG2256,30.0
367007750,2020-01-01T18:29:28,29.5527,-89.77576,4.8,321.9,511.0,MASTER TYLER,,WDC3431,31.0
367513750,2020-01-01T18:30:36,29.35551,-90.25027,0.0,360.0,511.0,MASTER TYLER,IMO9653226,WDG2256,30.0
367007750,2020-01-01T18:30:38,29.55388,-89.77697,4.7,321.1,511.0,MASTER TYLER,,WDC3431,31.0
367007750,2020-01-01T18:31:48,29.55505,-89.778,4.6,321.6,511.0,MASTER TYLER,,WDC3431,31.0
367513750,2020-01-01T18:33:46,29.3555,-90.25027,0.0,360.0,511.0,MASTER TYLER,IMO9653226,WDG2256,30.0
367007750,2020-01-01T18:34:28,29.55768,-89.78057,4.5,317.6,511.0,MASTER TYLER,,WDC3431,31.0
367513750,2020-01-01T18:34:57,29.35551,-90.25026,0.0,360.0,511.0,MASTER TYLER,IMO9653226,WDG2256,30.0
367007750,2020-01-01T18:35:38,29.55874,-89.78173,4.6,311.1,511.0,MASTER TYLER,,WDC3431,31.0
367513750,2020-01-01T18:36:07,29.35552,-90.25026,0.0,360.0,511.0,MASTER TYLER,IMO9653226,WDG2256,30.0
367007750,2020-01-01T18:36:48,29.55976,-89.78302,4.7,314.4,511.0,MASTER TYLER,,WDC3431,31.0
367513750,2020-01-01T18:37:37,29.35552,-90.25027,0.0,360.0,511.0,MASTER TYLER,IMO9653226,WDG2256,30.0
367007750,2020-01-01T18:37:49,29.56069,-89.78407,4.7,315.2,511.0,MASTER TYLER,,WDC3431,31.0
367007750,2020-01-01T18:38:59,29.56174,-89.78527,4.5,314.9,511.0,MASTER TYLER,,WDC3431,31.0
367513750,2020-01-01T18:39:15,29.35553,-90.25025,0.0,360.0,511.0,MASTER TYLER,IMO9653226,WDG2256,30.0
367007750,2020-01-01T18:40:07,29.56276,-89.78643,4.4,318.3,511.0,MASTER TYLER,,WDC3431,31.0
367513750,2020-01-01T18:40:46,29.35553,-90.25026,0.0,360.0,511.0,MASTER TYLER,IMO9653226,WDG2256,30.0
367007750,2020-01-01T18:41:08,29.56361,-89.78741,4.4,313.4,511.0,MASTER TYLER,,WDC3431,31.0
367513750,2020-01-01T18:42:07,29.35554,-90.25026,0.0,360.0,511.0,MASTER TYLER,IMO9653226,WDG2256,30.0
367007750,2020-01-01T18:42:18,29.56462,-89.78861,4.4,313.8,511.0,MASTER TYLER,,WDC3431,31.0
367513750,2020-01-01T18:43:17,29.35553,-90.25026,0.0,360.0,511.0,MASTER TYLER,IMO9653226,WDG2256,30.0
367007750,2020-01-01T18:43:19,29.56547,-89.7896,4.3,316.1,511.0,MASTER TYLER,,WDC3431,31.0
367513750,2020-01-01T18:45:27,29.35554,-90.25027,0.0,360.0,511.0,MASTER TYLER,IMO9653226,WDG2256,30.0
367007750,2020-01-01T18:45:49,29.56752,-89.79196,4.1,317.7,511.0,MASTER TYLER,,WDC3431,31.0
367007750,2020-01-01T18:46:58,29.56843,-89.79299,3.9,310.0,511.0,MASTER TYLER,,WDC3431,31.0
367513750,2020-01-01T18:47:27,29.35554,-90.25025,0.0,360.0,511.0,MASTER TYLER,IMO9653226,WDG2256,30.0
367007750,2020-01-01T18:48:09,29.56927,-89.79407,3.9,313.7,511.0,MASTER TYLER,,WDC3431,31.0
367513750,2020-01-01T18:48:36,29.35552,-90.25026,0.0,360.0,511.0,MASTER TYLER,IMO9653226,WDG2256,30.0
367007750,2020-01-01T18:49:19,29.57014,-89.79513,3.9,317.9,511.0,MASTER TYLER,,WDC3431,31.0
367513750,2020-01-01T18:49:47,29.35552,-90.25026,0.0,360.0,511.0,MASTER TYLER,IMO9653226,WDG2256,30.0
367513750,2020-01-01T18:50:57,29.35553,-90.25026,0.0,360.0,511.0,MASTER TYLER,IMO9653226,WDG2256,30.0
367007750,2020-01-01T18:51:58,29.57175,-89.79802,4.2,294.2,511.0,MASTER TYLER,,WDC3431,31.0
367513750,2020-01-01T18:52:15,29.35554,-90.25025,0.0,360.0,511.0,MASTER TYLER,IMO9653226,WDG2256,30.0
367513750,2020-01-01T18:53:36,29.35554,-90.25027,0.0,360.0,511.0,MASTER TYLER,IMO9653226,WDG2256,30.0
367513750,2020-01-01T18:54:37,29.35553,-90.25027,0.0,360.0,511.0,MASTER TYLER,IMO9653226,WDG2256,30.0
367007750,2020-01-01T18:55:08,29.57365,-89.80157,4.1,298.7,511.0,MASTER TYLER,,WDC3431,31.0
367513750,2020-01-01T18:55:47,29.35552,-90.25025,0.0,360.0,511.0,MASTER TYLER,IMO9653226,WDG2256,30.0
367007750,2020-01-01T18:57:07,29.5748,-89.80396,4.4,298.1,511.0,MASTER TYLER,,WDC3431,31.0
367513750,2020-01-01T18:57:16,29.35552,-90.25025,0.0,360.0,511.0,MASTER TYLER,IMO9653226,WDG2256,30.0
367007750,2020-01-01T18:58:19,29.5755,-89.8054,4.4,296.9,511.0,MASTER TYLER,,WDC3431,31.0
367513750,2020-01-01T18:59:16,29.35552,-90.25025,0.0,360.0,511.0,MASTER TYLER,IMO9653226,WDG2256,30.0
367007750,2020-01-01T18:59:28,29.57619,-89.8068,4.6,299.4,511.0,MASTER TYLER,,WDC3431,31.0
367513750,2020-01-01T19:00:07,29.35552,-90.25025,0.0,360.0,511.0,MASTER TYLER,IMO9653226,WDG2256,30.0
367007750,2020-01-01T19:00:07,29.57655,-89.80766,4.5,294.5,511.0,MASTER TYLER,,WDC3431,31.0
367513750,2020-01-01T19:01:16,29.35554,-90.25025,0.0,360.0,511.0,MASTER TYLER,IMO9653226,WDG2256,30.0
367007750,2020-01-01T19:01:19,29.57724,-89.80924,4.9,298.8,511.0,MASTER TYLER,,WDC3431,31.0
367007750,2020-01-01T19:02:28,29.57805,-89.8108,4.9,302.8,511.0,MASTER TYLER,,WDC3431,31.0
367513750,2020-01-01T19:02:37,29.35553,-90.25025,0.0,360.0,511.0,MASTER TYLER,IMO9653226,WDG2256,30.0
367007750,2020-01-01T19:03:38,29.57892,-89.81232,4.9,303.1,511.0,MASTER TYLER,,WDC3431,31.0
367513750,2020-01-01T19:03:47,29.35554,-90.25025,0.0,360.0,511.0,MASTER TYLER,IMO9653226,WDG2256,30.0
367007750,2020-01-01T19:04:48,29.57984,-89.81384,5.0,303.4,511.0,MASTER TYLER,,WDC3431,31.0
367513750,2020-01-01T19:05:26,29.35554,-90.25026,0.0,360.0,511.0,MASTER TYLER,IMO9653226,WDG2256,30.0
367007750,2020-01-01T19:05:59,29.58076,-89.81533,4.9,306.9,511.0,MASTER TYLER,,WDC3431,31.0
367513750,2020-01-01T19:06:47,29.35553,-90.25027,0.0,360.0,511.0,MASTER TYLER,IMO9653226,WDG2256,30.0
367007750,2020-01-01T19:07:27,29.5819,-89.81725,5.0,301.1,511.0,MASTER TYLER,,WDC3431,31.0
367513750,2020-01-01T19:08:06,29.35554,-90.25028,0.0,360.0,511.0,MASTER TYLER,IMO9653226,WDG2256,30.0
367007750,2020-01-01T19:08:38,29.58285,-89.81876,5.0,306.3,511.0,MASTER TYLER,,WDC3431,31.0
367513750,2020-01-01T19:09:26,29.35553,-90.25028,0.0,360.0,511.0,MASTER TYLER,IMO9653226,WDG2256,30.0
367007750,2020-01-01T19:10:08,29.58397,-89.82075,5.1,300.3,511.0,MASTER TYLER,,WDC3431,31.0
367007750,2020-01-01T19:11:18,29.58492,-89.82229,5.2,310.3,511.0,MASTER TYLER,,WDC3431,31.0
367513750,2020-01-01T19:11:47,29.35552,-90.25027,0.0,360.0,511.0,MASTER TYLER,IMO9653226,WDG2256,30.0
367007750,2020-01-01T19:12:27,29.5859,-89.82379,5.2,305.8,511.0,MASTER TYLER,,WDC3431,31.0
367513750,2020-01-01T19:12:56,29.35553,-90.25027,0.0,360.0,511.0,MASTER TYLER,IMO9653226,WDG2256,30.0
367007750,2020-01-01T19:13:37,29.58691,-89.82532,5.2,306.4,511.0,MASTER TYLER,,WDC3431,31.0
367513750,2020-01-01T19:13:57,29.35553,-90.25027,0.0,360.0,511.0,MASTER TYLER,IMO9653226,WDG2256,30.0
367007750,2020-01-01T19:15:18,29.58836,-89.82755,5.1,310.7,511.0,MASTER TYLER,,WDC3431,31.0
367513750,2020-01-01T19:15:26,29.35554,-90.25027,0.0,360.0,511.0,MASTER TYLER,IMO9653226,WDG2256,30.0
367007750,2020-01-01T19:16:27,29.58943,-89.82898,5.1,315.9,511.0,MASTER TYLER,,WDC3431,31.0
367513750,2020-01-01T19:16:27,29.35555,-90.25028,0.0,360.0,511.0,MASTER TYLER,IMO9653226,WDG2256,30.0
367513750,2020-01-01T19:17:36,29.35555,-90.25028,0.0,360.0,511.0,MASTER TYLER,IMO9653226,WDG2256,30.0
367007750,2020-01-01T19:18:09,29.59111,-89.83097,5.2,313.8,511.0,MASTER TYLER,,WDC3431,31.0
367513750,2020-01-01T19:18:46,29.35555,-90.25028,0.0,360.0,511.0,MASTER TYLER,IMO9653226,WDG2256,30.0
367007750,2020-01-01T19:19:28,29.59231,-89.83265,5.2,307.5,511.0,MASTER TYLER,,WDC3431,31.0
367513750,2020-01-01T19:20:36,29.35553,-90.25027,0.0,360.0,511.0,MASTER TYLER,IMO9653226,WDG2256,30.0
367007750,2020-01-01T19:20:57,29.59368,-89.83455,5.2,312.1,511.0,MASTER TYLER,,WDC3431,31.0
367513750,2020-01-01T19:22:07,29.35553,-90.25027,0.0,360.0,511.0,MASTER TYLER,IMO9653226,WDG2256,30.0
367007750,2020-01-01T19:22:57,29.59529,-89.83728,5.4,300.5,511.0,MASTER TYLER,,WDC3431,31.0
367513750,2020-01-01T19:23:36,29.35553,-90.25027,0.0,360.0,511.0,MASTER TYLER,IMO9653226,WDG2256,30.0
367007750,2020-01-01T19:24:09,29.59621,-89.839,5.4,300.4,511.0,MASTER TYLER,,WDC3431,31.0
367513750,2020-01-01T19:24:56,29.35552,-90.25026,0.0,360.0,511.0,MASTER TYLER,IMO9653226,WDG2256,30.0
367007750,2020-01-01T19:25:19,29.59706,-89.84073,5.4,301.2,511.0,MASTER TYLER,,WDC3431,31.0
367513750,2020-01-01T19:26:16,29.35552,-90.25025,0.0,360.0,511.0,MASTER TYLER,IMO9653226,WDG2256,30.0
367007750,2020-01-01T19:26:27,29.5978,-89.84238,4.9,295.7,511.0,MASTER TYLER,,WDC3431,31.0
367513750,2020-01-01T19:27:17,29.35553,-90.25025,0.0,360.0,511.0,MASTER TYLER,IMO9653226,WDG2256,30.0
367007750,2020-01-01T19:27:39,29.59848,-89.844,4.8,293.3,511.0,MASTER TYLER,,WDC3431,31.0
367513750,2020-01-01T19:28:25,29.35553,-90.25027,0.0,360.0,511.0,MASTER TYLER,IMO9653226,WDG2256,30.0
367007750,2020-01-01T19:28:48,29.59912,-89.84559,4.6,301.1,511.0,MASTER TYLER,,WDC3431,31.0
367513750,2020-01-01T19:29:37,29.35554,-90.25027,0.0,360.0,511.0,MASTER TYLER,IMO9653226,WDG2256,30.0
367007750,2020-01-01T19:29:57,29.59996,-89.84681,4.0,315.5,511.0,MASTER TYLER,,WDC3431,31.0
367513750,2020-01-01T19:30:45,29.35554,-90.25027,0.0,360.0,511.0,MASTER TYLER,IMO9653226,WDG2256,30.0
367007750,2020-01-01T19:30:58,29.6007,-89.8477,3.7,311.1,511.0,MASTER TYLER,,WDC3431,31.0
367007750,2020-01-01T19:32:08,29.6014,-89.84878,3.5,301.2,511.0,MASTER TYLER,,WDC3431,31.0
367513750,2020-01-01T19:32:26,29.35553,-90.25025,0.0,360.0,511.0,MASTER TYLER,IMO9653226,WDG2256,30.0
367513750,2020-01-01T19:33:46,29.35553,-90.25025,0.0,360.0,511.0,MASTER TYLER,IMO9653226,WDG2256,30.0
367007750,2020-01-01T19:33:47,29.60215,-89.85041,3.3,294.2,511.0,MASTER TYLER,,WDC3431,31.0
367513750,2020-01-01T19:34:47,29.35553,-90.25026,0.0,360.0,511.0,MASTER TYLER,IMO9653226,WDG2256,30.0
367007750,2020-01-01T19:35:18,29.60281,-89.85186,3.6,306.3,511.0,MASTER TYLER,,WDC3431,31.0
367513750,2020-01-01T19:36:06,29.35553,-90.25025,0.0,360.0,511.0,MASTER TYLER,IMO9653226,WDG2256,30.0
367007750,2020-01-01T19:36:27,29.60333,-89.85301,3.6,293.0,511.0,MASTER TYLER,,WDC3431,31.0
367007750,2020-01-01T19:38:27,29.6041,-89.85513,3.7,289.0,511.0,MASTER TYLER,,WDC3431,31.0
367513750,2020-01-01T19:39:07,29.35553,-90.25026,0.0,360.0,511.0,MASTER TYLER,IMO9653226,WDG2256,30.0
367007750,2020-01-01T19:39:48,29.60454,-89.8566,3.6,291.5,511.0,MASTER TYLER,,WDC3431,31.0
367513750,2020-01-01T19:40:08,29.35553,-90.25027,0.0,360.0,511.0,MASTER TYLER,IMO9653226,WDG2256,30.0
367007750,2020-01-01T19:40:57,29.60499,-89.85784,3.6,289.0,511.0,MASTER TYLER,,WDC3431,31.0
367513750,2020-01-01T19:41:17,29.35551,-90.25027,0.0,360.0,511.0,MASTER TYLER,IMO9653226,WDG2256,30.0
367513750,2020-01-01T19:42:26,29.35551,-90.25028,0.0,360.0,511.0,MASTER TYLER,IMO9653226,WDG2256,30.0
367007750,2020-01-01T19:43:28,29.60587,-89.86072,3.9,285.1,511.0,MASTER TYLER,,WDC3431,31.0
367513750,2020-01-01T19:43:47,29.35551,-90.25027,0.0,360.0,511.0,MASTER TYLER,IMO9653226,WDG2256,30.0
367007750,2020-01-01T19:44:47,29.60624,-89.8623,3.9,284.0,511.0,MASTER TYLER,,WDC3431,31.0
367513750,2020-01-01T19:44:56,29.35552,-90.25028,0.0,360.0,511.0,MASTER TYLER,IMO9653226,WDG2256,30.0
367007750,2020-01-01T19:46:37,29.60684,-89.86451,4.0,287.0,511.0,MASTER TYLER,,WDC3431,31.0
367513750,2020-01-01T19:46:46,29.35552,-90.25027,0.0,360.0,511.0,MASTER TYLER,IMO9653226,WDG2256,30.0
367513750,2020-01-01T19:48:26,29.35556,-90.25027,0.0,360.0,511.0,MASTER TYLER,IMO9653226,WDG2256,30.0
367007750,2020-01-01T19:48:48,29.60753,-89.86729,4.2,283.3,511.0,MASTER TYLER,,WDC3431,31.0
367007750,2020-01-01T19:50:37,29.60807,-89.8696,4.1,283.7,511.0,MASTER TYLER,,WDC3431,31.0
367513750,2020-01-01T19:51:26,29.35555,-90.25029,0.0,360.0,511.0,MASTER TYLER,IMO9653226,WDG2256,30.0
367007750,2020-01-01T19:53:48,29.60907,-89.87367,4.2,287.6,511.0,MASTER TYLER,,WDC3431,31.0
367513750,2020-01-01T19:54:26,29.35553,-90.25027,0.0,360.0,511.0,MASTER TYLER,IMO9653226,WDG2256,30.0
367007750,2020-01-01T19:55:48,29.60975,-89.87621,4.1,285.8,511.0,MASTER TYLER,,WDC3431,31.0
367513750,2020-01-01T19:56:16,29.35554,-90.25027,0.0,360.0,511.0,MASTER TYLER,IMO9653226,WDG2256,30.0
367007750,2020-01-01T19:56:57,29.61016,-89.87764,3.9,285.7,511.0,MASTER TYLER,,WDC3431,31.0
367007750,2020-01-01T19:58:48,29.61096,-89.87977,4.1,297.5,511.0,MASTER TYLER,,WDC3431,31.0
367513750,2020-01-01T19:59:26,29.35555,-90.25026,0.0,360.0,511.0,MASTER TYLER,IMO9653226,WDG2256,30.0
367007750,2020-01-01T19:59:57,29.61142,-89.88121,4.1,296.0,511.0,MASTER TYLER,,WDC3431,31.0
367513750,2020-01-01T20:00:07,29.35555,-90.25027,0.0,360.0,511.0,MASTER TYLER,IMO9653226,WDG2256,30.0
367007750,2020-01-01T20:00:09,29.61151,-89.88143,4.1,294.5,511.0,MASTER TYLER,,WDC3431,31.0
367007750,2020-01-01T20:01:17,29.61204,-89.8828,4.1,293.8,511.0,MASTER TYLER,,WDC3431,31.0
367513750,2020-01-01T20:01:17,29.35556,-90.25028,0.0,360.0,511.0,MASTER TYLER,IMO9653226,WDG2256,30.0
367513750,2020-01-01T20:02:26,29.35555,-90.25028,0.0,360.0,511.0,MASTER TYLER,IMO9653226,WDG2256,30.0
367007750,2020-01-01T20:02:29,29.61256,-89.88413,3.8,294.5,511.0,MASTER TYLER,,WDC3431,31.0
367007750,2020-01-01T20:03:38,29.61305,-89.88541,3.8,293.4,511.0,MASTER TYLER,,WDC3431,31.0
367513750,2020-01-01T20:03:46,29.35553,-90.25028,0.0,360.0,511.0,MASTER TYLER,IMO9653226,WDG2256,30.0
367007750,2020-01-01T20:04:48,29.6136,-89.88668,4.0,296.3,511.0,MASTER TYLER,,WDC3431,31.0
367513750,2020-01-01T20:04:56,29.35552,-90.25028,0.0,360.0,511.0,MASTER TYLER,IMO9653226,WDG2256,30.0
367007750,2020-01-01T20:05:57,29.6142,-89.88797,4.0,298.4,511.0,MASTER TYLER,,WDC3431,31.0
367513750,2020-01-01T20:06:17,29.35553,-90.25027,0.0,360.0,511.0,MASTER TYLER,IMO9653226,WDG2256,30.0
367007750,2020-01-01T20:07:17,29.61487,-89.88946,3.8,296.4,511.0,MASTER TYLER,,WDC3431,31.0
367513750,2020-01-01T20:07:37,29.35555,-90.25026,0.0,360.0,511.0,MASTER TYLER,IMO9653226,WDG2256,30.0
367007750,2020-01-01T20:08:18,29.6153,-89.89059,3.8,288.7,511.0,MASTER TYLER,,WDC3431,31.0
367513750,2020-01-01T20:08:46,29.35554,-90.25027,0.0,360.0,511.0,MASTER TYLER,IMO9653226,WDG2256,30.0
367007750,2020-01-01T20:09:27,29.61574,-89.8919,3.7,293.8,511.0,MASTER TYLER,,WDC3431,31.0
367513750,2020-01-01T20:09:55,29.35551,-90.25028,0.0,360.0,511.0,MASTER TYLER,IMO9653226,WDG2256,30.0
367007750,2020-01-01T20:10:38,29.61631,-89.89315,3.8,300.3,511.0,MASTER TYLER,,WDC3431,31.0
367513750,2020-01-01T20:11:07,29.3555,-90.25028,0.0,360.0,511.0,MASTER TYLER,IMO9653226,WDG2256,30.0
367007750,2020-01-01T20:12:08,29.6171,-89.89468,3.8,295.7,511.0,MASTER TYLER,,WDC3431,31.0
367513750,2020-01-01T20:12:17,29.3555,-90.25028,0.0,360.0,511.0,MASTER TYLER,IMO9653226,WDG2256,30.0
367007750,2020-01-01T20:13:18,29.61755,-89.89599,3.8,292.2,511.0,MASTER TYLER,,WDC3431,31.0
367513750,2020-01-01T20:13:26,29.35551,-90.25027,0.0,360.0,511.0,MASTER TYLER,IMO9653226,WDG2256,30.0
367513750,2020-01-01T20:14:27,29.35552,-90.25027,0.0,360.0,511.0,MASTER TYLER,IMO9653226,WDG2256,30.0
367007750,2020-01-01T20:15:08,29.61833,-89.89798,3.7,295.9,511.0,MASTER TYLER,,WDC3431,31.0
367513750,2020-01-01T20:15:36,29.3555,-90.25029,0.0,360.0,511.0,MASTER TYLER,IMO9653226,WDG2256,30.0
367007750,2020-01-01T20:16:18,29.61895,-89.89914,3.7,302.6,511.0,MASTER TYLER,,WDC3431,31.0
367513750,2020-01-01T20:16:47,29.35551,-90.25029,0.0,360.0,511.0,MASTER TYLER,IMO9653226,WDG2256,30.0
367007750,2020-01-01T20:17:28,29.61959,-89.90029,3.7,302.6,511.0,MASTER TYLER,,WDC3431,31.0
367513750,2020-01-01T20:17:56,29.35553,-90.25029,0.0,360.0,511.0,MASTER TYLER,IMO9653226,WDG2256,30.0
367007750,2020-01-01T20:18:38,29.62037,-89.90138,3.7,304.9,511.0,MASTER TYLER,,WDC3431,31.0
367513750,2020-01-01T20:19:06,29.35553,-90.25029,0.0,360.0,511.0,MASTER TYLER,IMO9653226,WDG2256,30.0
367007750,2020-01-01T20:19:49,29.62104,-89.90252,3.7,302.4,511.0,MASTER TYLER,,WDC3431,31.0
367513750,2020-01-01T20:20:27,29.35553,-90.25028,0.0,360.0,511.0,MASTER TYLER,IMO9653226,WDG2256,30.0
367007750,2020-01-01T20:20:58,29.62173,-89.90366,3.8,305.7,511.0,MASTER TYLER,,WDC3431,31.0
367513750,2020-01-01T20:21:56,29.35554,-90.25028,0.0,360.0,511.0,MASTER TYLER,IMO9653226,WDG2256,30.0
367007750,2020-01-01T20:22:08,29.62246,-89.90484,3.9,301.5,511.0,MASTER TYLER,,WDC3431,31.0
367513750,2020-01-01T20:23:07,29.35554,-90.25028,0.0,360.0,511.0,MASTER TYLER,IMO9653226,WDG2256,30.0
367007750,2020-01-01T20:23:48,29.62352,-89.90652,4.0,301.4,511.0,MASTER TYLER,,WDC3431,31.0
367007750,2020-01-01T20:24:58,29.6242,-89.90776,4.0,305.0,511.0,MASTER TYLER,,WDC3431,31.0
367513750,2020-01-01T20:25:17,29.35555,-90.25028,0.0,360.0,511.0,MASTER TYLER,IMO9653226,WDG2256,30.0
367007750,2020-01-01T20:26:08,29.62501,-89.90887,3.9,309.6,511.0,MASTER TYLER,,WDC3431,31.0
367513750,2020-01-01T20:26:36,29.35554,-90.25028,0.0,360.0,511.0,MASTER TYLER,IMO9653226,WDG2256,30.0
367513750,2020-01-01T20:27:57,29.35553,-90.25028,0.0,360.0,511.0,MASTER TYLER,IMO9653226,WDG2256,30.0
367007750,2020-01-01T20:28:28,29.62655,-89.91128,4.1,302.4,511.0,MASTER TYLER,,WDC3431,31.0
367513750,2020-01-01T20:29:06,29.35554,-90.25027,0.0,360.0,511.0,MASTER TYLER,IMO9653226,WDG2256,30.0
367007750,2020-01-01T20:29:38,29.62724,-89.91254,3.9,303.4,511.0,MASTER TYLER,,WDC3431,31.0
367513750,2020-01-01T20:30:36,29.35554,-90.25027,0.0,360.0,511.0,MASTER TYLER,IMO9653226,WDG2256,30.0
367007750,2020-01-01T20:31:28,29.62842,-89.91439,4.0,310.2,511.0,MASTER TYLER,,WDC3431,31.0
367513750,2020-01-01T20:32:36,29.35555,-90.25027,0.0,360.0,511.0,MASTER TYLER,IMO9653226,WDG2256,30.0
367007750,2020-01-01T20:32:47,29.62944,-89.91561,4.0,322.2,511.0,MASTER TYLER,,WDC3431,31.0
367513750,2020-01-01T20:34:16,29.35554,-90.25029,0.0,360.0,511.0,MASTER TYLER,IMO9653226,WDG2256,30.0
367007750,2020-01-01T20:34:27,29.63085,-89.91706,4.0,312.5,511.0,MASTER TYLER,,WDC3431,31.0
367007750,2020-01-01T20:35:47,29.63181,-89.91838,4.1,304.5,511.0,MASTER TYLER,,WDC3431,31.0
367513750,2020-01-01T20:36:36,29.35555,-90.25029,0.0,360.0,511.0,MASTER TYLER,IMO9653226,WDG2256,30.0
367007750,2020-01-01T20:37:27,29.633,-89.92011,4.2,307.4,511.0,MASTER TYLER,,WDC3431,31.0
367513750,2020-01-01T20:37:57,29.35555,-90.25029,0.0,360.0,511.0,MASTER TYLER,IMO9653226,WDG2256,30.0
367007750,2020-01-01T20:38:47,29.63403,-89.92147,4.3,309.3,511.0,MASTER TYLER,,WDC3431,31.0
367513750,2020-01-01T20:39:16,29.35554,-90.2503,0.0,360.0,511.0,MASTER TYLER,IMO9653226,WDG2256,30.0
367007750,2020-01-01T20:40:17,29.63515,-89.92308,4.2,297.2,511.0,MASTER TYLER,,WDC3431,31.0
367513750,2020-01-01T20:40:36,29.35553,-90.2503,0.0,360.0,511.0,MASTER TYLER,IMO9653226,WDG2256,30.0
367007750,2020-01-01T20:42:27,29.63639,-89.92562,4.3,308.6,511.0,MASTER TYLER,,WDC3431,31.0
367513750,2020-01-01T20:42:57,29.35555,-90.2503,0.0,360.0,511.0,MASTER TYLER,IMO9653226,WDG2256,30.0
367007750,2020-01-01T20:43:38,29.63713,-89.927,4.4,293.7,511.0,MASTER TYLER,,WDC3431,31.0
367513750,2020-01-01T20:44:06,29.35554,-90.2503,0.0,360.0,511.0,MASTER TYLER,IMO9653226,WDG2256,30.0
367007750,2020-01-01T20:45:38,29.63813,-89.92953,4.4,293.8,511.0,MASTER TYLER,,WDC3431,31.0
367513750,2020-01-01T20:47:17,29.35555,-90.25028,0.0,360.0,511.0,MASTER TYLER,IMO9653226,WDG2256,30.0
367007750,2020-01-01T20:48:37,29.63954,-89.93344,4.5,290.0,511.0,MASTER TYLER,,WDC3431,31.0
367513750,2020-01-01T20:48:45,29.35556,-90.25028,0.0,360.0,511.0,MASTER TYLER,IMO9653226,WDG2256,30.0
367007750,2020-01-01T20:49:49,29.63998,-89.93507,4.6,288.4,511.0,MASTER TYLER,,WDC3431,31.0
367513750,2020-01-01T20:49:56,29.35556,-90.25029,0.0,360.0,511.0,MASTER TYLER,IMO9653226,WDG2256,30.0
367513750,2020-01-01T20:50:57,29.35555,-90.2503,0.0,360.0,511.0,MASTER TYLER,IMO9653226,WDG2256,30.0
367007750,2020-01-01T20:51:18,29.64062,-89.93712,4.7,282.9,511.0,MASTER TYLER,,WDC3431,31.0
367007750,2020-01-01T20:52:28,29.64094,-89.93885,4.7,282.9,511.0,MASTER TYLER,,WDC3431,31.0
367513750,2020-01-01T20:54:27,29.35553,-90.25027,0.0,360.0,511.0,MASTER TYLER,IMO9653226,WDG2256,30.0
367007750,2020-01-01T20:54:28,29.64182,-89.94168,5.0,291.8,511.0,MASTER TYLER,,WDC3431,31.0
367007750,2020-01-01T20:56:18,29.64298,-89.94475,6.6,295.6,511.0,MASTER TYLER,,WDC3431,31.0
367513750,2020-01-01T20:56:57,29.35553,-90.25027,0.0,360.0,511.0,MASTER TYLER,IMO9653226,WDG2256,30.0
367007750,2020-01-01T20:57:28,29.64409,-89.94696,6.8,301.4,511.0,MASTER TYLER,,WDC3431,31.0
367513750,2020-01-01T20:58:06,29.35552,-90.25027,0.0,360.0,511.0,MASTER TYLER,IMO9653226,WDG2256,30.0
367007750,2020-01-01T20:59:27,29.64643,-89.95026,6.4,315.2,511.0,MASTER TYLER,,WDC3431,31.0
367513750,2020-01-01T20:59:35,29.35553,-90.25025,0.0,360.0,511.0,MASTER TYLER,IMO9653226,WDG2256,30.0
367007750,2020-01-01T21:00:09,29.64726,-89.95116,5.4,317.6,511.0,MASTER TYLER,,WDC3431,31.0
367513750,2020-01-01T21:00:56,29.35553,-90.25026,0.0,360.0,511.0,MASTER TYLER,IMO9653226,WDG2256,30.0
367007750,2020-01-01T21:01:17,29.64859,-89.95217,5.0,336.3,511.0,MASTER TYLER,,WDC3431,31.0
367007750,2020-01-01T21:02:19,29.64995,-89.95282,5.3,341.2,511.0,MASTER TYLER,,WDC3431,31.0
367513750,2020-01-01T21:02:26,29.35552,-90.25027,0.0,360.0,511.0,MASTER TYLER,IMO9653226,WDG2256,30.0
367007750,2020-01-01T21:03:27,29.65159,-89.95346,5.4,340.1,511.0,MASTER TYLER,,WDC3431,31.0
367513750,2020-01-01T21:03:35,29.35552,-90.25027,0.0,360.0,511.0,MASTER TYLER,IMO9653226,WDG2256,30.0
367007750,2020-01-01T21:04:38,29.65311,-89.95403,4.1,346.9,511.0,MASTER TYLER,,WDC3431,31.0
367513750,2020-01-01T21:04:56,29.35551,-90.25028,0.0,360.0,511.0,MASTER TYLER,IMO9653226,WDG2256,30.0
367007750,2020-01-01T21:05:48,29.65442,-89.95425,4.2,349.4,511.0,MASTER TYLER,,WDC3431,31.0
367513750,2020-01-01T21:05:57,29.35552,-90.25028,0.0,360.0,511.0,MASTER TYLER,IMO9653226,WDG2256,30.0
367007750,2020-01-01T21:06:58,29.65576,-89.95453,4.2,350.0,511.0,MASTER TYLER,,WDC3431,31.0
367513750,2020-01-01T21:07:07,29.35552,-90.25028,0.0,360.0,511.0,MASTER TYLER,IMO9653226,WDG2256,30.0
367007750,2020-01-01T21:08:08,29.65713,-89.95477,4.3,351.6,511.0,MASTER TYLER,,WDC3431,31.0
367513750,2020-01-01T21:08:16,29.35552,-90.25029,0.0,360.0,511.0,MASTER TYLER,IMO9653226,WDG2256,30.0
367007750,2020-01-01T21:09:18,29.65847,-89.95501,4.2,353.9,511.0,MASTER TYLER,,WDC3431,31.0
367513750,2020-01-01T21:09:47,29.35552,-90.25027,0.0,360.0,511.0,MASTER TYLER,IMO9653226,WDG2256,30.0
367007750,2020-01-01T21:10:38,29.66002,-89.95529,4.3,350.3,511.0,MASTER TYLER,,WDC3431,31.0
367513750,2020-01-01T21:11:07,29.35552,-90.25028,0.0,360.0,511.0,MASTER TYLER,IMO9653226,WDG2256,30.0
367007750,2020-01-01T21:11:39,29.66116,-89.9556,4.1,340.9,511.0,MASTER TYLER,,WDC3431,31.0
367513750,2020-01-01T21:12:37,29.35553,-90.25029,0.0,360.0,511.0,MASTER TYLER,IMO9653226,WDG2256,30.0
367007750,2020-01-01T21:12:57,29.66257,-89.95626,4.1,333.9,511.0,MASTER TYLER,,WDC3431,31.0
367007750,2020-01-01T21:14:07,29.6637,-89.9568,3.5,345.5,511.0,MASTER TYLER,,WDC3431,31.0
367513750,2020-01-01T21:14:16,29.35553,-90.25027,0.0,360.0,511.0,MASTER TYLER,IMO9653226,WDG2256,30.0
367007750,2020-01-01T21:15:19,29.66485,-89.95701,3.4,350.6,511.0,MASTER TYLER,,WDC3431,31.0
367513750,2020-01-01T21:15:27,29.35554,-90.25027,0.0,360.0,511.0,MASTER TYLER,IMO9653226,WDG2256,30.0
367007750,2020-01-01T21:16:38,29.66608,-89.95709,3.5,356.4,511.0,MASTER TYLER,,WDC3431,31.0
367513750,2020-01-01T21:17:27,29.35554,-90.25027,0.0,360.0,511.0,MASTER TYLER,IMO9653226,WDG2256,30.0
367007750,2020-01-01T21:18:07,29.66761,-89.95722,3.8,351.3,511.0,MASTER TYLER,,WDC3431,31.0
367513750,2020-01-01T21:18:35,29.35554,-90.25028,0.0,360.0,511.0,MASTER TYLER,IMO9653226,WDG2256,30.0
367007750,2020-01-01T21:19:08,29.66863,-89.95744,3.5,348.7,511.0,MASTER TYLER,,WDC3431,31.0
367513750,2020-01-01T21:19:57,29.35553,-90.25028,0.0,360.0,511.0,MASTER TYLER,IMO9653226,WDG2256,30.0
367007750,2020-01-01T21:20:19,29.66977,-89.95776,3.6,344.6,511.0,MASTER TYLER,,WDC3431,31.0
367513750,2020-01-01T21:21:06,29.35553,-90.25028,0.0,360.0,511.0,MASTER TYLER,IMO9653226,WDG2256,30.0
367007750,2020-01-01T21:21:28,29.67095,-89.95804,3.9,352.4,511.0,MASTER TYLER,,WDC3431,31.0
367513750,2020-01-01T21:22:16,29.35554,-90.25029,0.0,360.0,511.0,MASTER TYLER,IMO9653226,WDG2256,30.0
367007750,2020-01-01T21:22:38,29.67225,-89.95815,4.2,354.5,511.0,MASTER TYLER,,WDC3431,31.0
367007750,2020-01-01T21:23:39,29.67341,-89.95844,4.4,345.9,511.0,MASTER TYLER,,WDC3431,31.0
367513750,2020-01-01T21:23:47,29.35554,-90.25029,0.0,360.0,511.0,MASTER TYLER,IMO9653226,WDG2256,30.0
367007750,2020-01-01T21:24:48,29.67478,-89.95877,4.2,348.9,511.0,MASTER TYLER,,WDC3431,31.0
367513750,2020-01-01T21:24:56,29.35554,-90.25028,0.0,360.0,511.0,MASTER TYLER,IMO9653226,WDG2256,30.0
367007750,2020-01-01T21:25:49,29.67593,-89.9591,4.3,338.2,511.0,MASTER TYLER,,WDC3431,31.0
367513750,2020-01-01T21:27:06,29.35554,-90.25028,0.0,360.0,511.0,MASTER TYLER,IMO9653226,WDG2256,30.0
367007750,2020-01-01T21:27:57,29.67828,-89.9604,4.3,336.2,511.0,MASTER TYLER,,WDC3431,31.0
367513750,2020-01-01T21:29:06,29.35553,-90.25029,0.0,360.0,511.0,MASTER TYLER,IMO9653226,WDG2256,30.0
367007750,2020-01-01T21:29:08,29.67957,-89.96107,4.3,336.2,511.0,MASTER TYLER,,WDC3431,31.0
367007750,2020-01-01T21:30:18,29.68083,-89.96175,4.3,332.8,511.0,MASTER TYLER,,WDC3431,31.0
367513750,2020-01-01T21:30:36,29.35554,-90.25029,0.0,360.0,511.0,MASTER TYLER,IMO9653226,WDG2256,30.0
367007750,2020-01-01T21:31:29,29.68207,-89.96247,4.2,336.6,511.0,MASTER TYLER,,WDC3431,31.0
367513750,2020-01-01T21:32:36,29.35552,-90.25028,0.0,360.0,511.0,MASTER TYLER,IMO9653226,WDG2256,30.0
367007750,2020-01-01T21:32:39,29.68332,-89.96318,4.3,330.2,511.0,MASTER TYLER,,WDC3431,31.0
367007750,2020-01-01T21:34:08,29.68471,-89.96426,4.0,330.0,511.0,MASTER TYLER,,WDC3431,31.0
367513750,2020-01-01T21:34:36,29.35552,-90.25029,0.0,360.0,511.0,MASTER TYLER,IMO9653226,WDG2256,30.0
367007750,2020-01-01T21:35:19,29.68587,-89.965,3.9,331.3,511.0,MASTER TYLER,,WDC3431,31.0
367513750,2020-01-01T21:35:46,29.35553,-90.25028,0.0,360.0,511.0,MASTER TYLER,IMO9653226,WDG2256,30.0
367007750,2020-01-01T21:36:37,29.68707,-89.96583,3.9,328.4,511.0,MASTER TYLER,,WDC3431,31.0
367513750,2020-01-01T21:37:46,29.35553,-90.25028,0.0,360.0,511.0,MASTER TYLER,IMO9653226,WDG2256,30.0
367007750,2020-01-01T21:37:47,29.68817,-89.96659,3.9,330.7,511.0,MASTER TYLER,,WDC3431,31.0
367007750,2020-01-01T21:38:48,29.68914,-89.9672,4.0,330.9,511.0,MASTER TYLER,,WDC3431,31.0
367513750,2020-01-01T21:39:46,29.35554,-90.25027,0.0,360.0,511.0,MASTER TYLER,IMO9653226,WDG2256,30.0
367513750,2020-01-01T21:41:07,29.35554,-90.25028,0.0,360.0,511.0,MASTER TYLER,IMO9653226,WDG2256,30.0
367007750,2020-01-01T21:41:17,29.69148,-89.96892,3.9,329.8,511.0,MASTER TYLER,,WDC3431,31.0
367007750,2020-01-01T21:42:18,29.69244,-89.96948,4.0,328.2,511.0,MASTER TYLER,,WDC3431,31.0
367513750,2020-01-01T21:43:56,29.35556,-90.25028,0.0,360.0,511.0,MASTER TYLER,IMO9653226,WDG2256,30.0
367007750,2020-01-01T21:44:17,29.69446,-89.97067,4.2,337.4,511.0,MASTER TYLER,,WDC3431,31.0
367513750,2020-01-01T21:45:26,29.35556,-90.25028,0.0,360.0,511.0,MASTER TYLER,IMO9653226,WDG2256,30.0
367007750,2020-01-01T21:46:17,29.69649,-89.97185,4.2,331.4,511.0,MASTER TYLER,,WDC3431,31.0
367513750,2020-01-01T21:46:56,29.35556,-90.25028,0.0,360.0,511.0,MASTER TYLER,IMO9653226,WDG2256,30.0
367007750,2020-01-01T21:47:27,29.69775,-89.97257,4.3,336.3,511.0,MASTER TYLER,,WDC3431,31.0
367513750,2020-01-01T21:48:37,29.35554,-90.25029,0.0,360.0,511.0,MASTER TYLER,IMO9653226,WDG2256,30.0
367007750,2020-01-01T21:48:38,29.69904,-89.9732,4.4,332.6,511.0,MASTER TYLER,,WDC3431,31.0
367007750,2020-01-01T21:49:47,29.70031,-89.97395,4.3,333.9,511.0,MASTER TYLER,,WDC3431,31.0
367513750,2020-01-01T21:50:57,29.35555,-90.2503,0.0,360.0,511.0,MASTER TYLER,IMO9653226,WDG2256,30.0
367007750,2020-01-01T21:51:48,29.70249,-89.97499,4.4,337.2,511.0,MASTER TYLER,,WDC3431,31.0
367513750,2020-01-01T21:52:37,29.35554,-90.25029,0.0,360.0,511.0,MASTER TYLER,IMO9653226,WDG2256,30.0
367007750,2020-01-01T21:53:48,29.70483,-89.97611,4.7,333.6,511.0,MASTER TYLER,,WDC3431,31.0
367513750,2020-01-01T21:55:37,29.35555,-90.2503,0.0,360.0,511.0,MASTER TYLER,IMO9653226,WDG2256,30.0
367007750,2020-01-01T21:55:48,29.70709,-89.97727,4.5,335.6,511.0,MASTER TYLER,,WDC3431,31.0
367513750,2020-01-01T21:56:38,29.35554,-90.25029,0.0,360.0,511.0,MASTER TYLER,IMO9653226,WDG2256,30.0
367007750,2020-01-01T21:58:27,29.71,-89.9788,4.2,339.4,511.0,MASTER TYLER,,WDC3431,31.0
367513750,2020-01-01T21:59:26,29.35554,-90.25029,0.0,360.0,511.0,MASTER TYLER,IMO9653226,WDG2256,30.0
367007750,2020-01-01T21:59:57,29.71158,-89.97961,4.3,341.1,511.0,MASTER TYLER,,WDC3431,31.0
367007750,2020-01-01T22:00:07,29.7118,-89.97968,4.3,341.3,511.0,MASTER TYLER,,WDC3431,31.0
367513750,2020-01-01T22:00:17,29.35554,-90.25029,0.0,360.0,511.0,MASTER TYLER,IMO9653226,WDG2256,30.0
367007750,2020-01-01T22:01:19,29.71314,-89.98029,4.5,333.6,511.0,MASTER TYLER,,WDC3431,31.0
367513750,2020-01-01T22:01:27,29.35554,-90.25029,0.0,360.0,511.0,MASTER TYLER,IMO9653226,WDG2256,30.0
367007750,2020-01-01T22:02:27,29.71444,-89.98096,4.6,335.7,511.0,MASTER TYLER,,WDC3431,31.0
367513750,2020-01-01T22:02:37,29.35555,-90.25029,0.0,360.0,511.0,MASTER TYLER,IMO9653226,WDG2256,30.0
367007750,2020-01-01T22:03:29,29.71569,-89.98153,4.6,337.2,511.0,MASTER TYLER,,WDC3431,31.0
367513750,2020-01-01T22:03:47,29.35553,-90.25029,0.0,360.0,511.0,MASTER TYLER,IMO9653226,WDG2256,30.0
367007750,2020-01-01T22:04:38,29.71703,-89.98224,4.6,334.0,511.0,MASTER TYLER,,WDC3431,31.0
367513750,2020-01-01T22:05:07,29.35553,-90.25029,0.0,360.0,511.0,MASTER TYLER,IMO9653226,WDG2256,30.0
367007750,2020-01-01T22:05:47,29.71835,-89.98289,4.5,340.1,511.0,MASTER TYLER,,WDC3431,31.0
367513750,2020-01-01T22:06:27,29.35554,-90.25028,0.0,360.0,511.0,MASTER TYLER,IMO9653226,WDG2256,30.0
367007750,2020-01-01T22:07:17,29.72002,-89.98373,4.3,335.2,511.0,MASTER TYLER,,WDC3431,31.0
367513750,2020-01-01T22:07:56,29.35555,-90.25031,0.0,360.0,511.0,MASTER TYLER,IMO9653226,WDG2256,30.0
367007750,2020-01-01T22:08:29,29.72137,-89.98446,4.7,335.2,511.0,MASTER TYLER,,WDC3431,31.0
367513750,2020-01-01T22:09:16,29.35556,-90.25031,0.0,360.0,511.0,MASTER TYLER,IMO9653226,WDG2256,30.0
367007750,2020-01-01T22:09:38,29.72278,-89.98519,4.6,334.3,511.0,MASTER TYLER,,WDC3431,31.0
367513750,2020-01-01T22:10:57,29.35556,-90.25032,0.0,360.0,511.0,MASTER TYLER,IMO9653226,WDG2256,30.0
367007750,2020-01-01T22:10:58,29.72433,-89.98609,4.8,330.2,511.0,MASTER TYLER,,WDC3431,31.0
367007750,2020-01-01T22:12:08,29.72566,-89.98691,4.6,331.8,511.0,MASTER TYLER,,WDC3431,31.0
367513750,2020-01-01T22:12:37,29.35555,-90.25029,0.0,360.0,511.0,MASTER TYLER,IMO9653226,WDG2256,30.0
367007750,2020-01-01T22:13:17,29.72702,-89.98762,4.8,337.4,511.0,MASTER TYLER,,WDC3431,31.0
367513750,2020-01-01T22:13:47,29.35555,-90.25028,0.0,360.0,511.0,MASTER TYLER,IMO9653226,WDG2256,30.0
367513750,2020-01-01T22:14:57,29.35554,-90.25028,0.0,360.0,511.0,MASTER TYLER,IMO9653226,WDG2256,30.0
367007750,2020-01-01T22:14:58,29.72897,-89.98896,4.8,318.9,511.0,MASTER TYLER,,WDC3431,31.0
367007750,2020-01-01T22:16:08,29.7303,-89.9899,4.9,332.0,511.0,MASTER TYLER,,WDC3431,31.0
367513750,2020-01-01T22:16:37,29.35554,-90.25029,0.0,360.0,511.0,MASTER TYLER,IMO9653226,WDG2256,30.0
367007750,2020-01-01T22:17:17,29.73154,-89.99098,4.9,320.8,511.0,MASTER TYLER,,WDC3431,31.0
367513750,2020-01-01T22:17:47,29.35553,-90.25029,0.0,360.0,511.0,MASTER TYLER,IMO9653226,WDG2256,30.0
367007750,2020-01-01T22:18:28,29.73274,-89.99206,4.6,327.9,511.0,MASTER TYLER,,WDC3431,31.0
367513750,2020-01-01T22:19:36,29.35553,-90.25029,0.0,360.0,511.0,MASTER TYLER,IMO9653226,WDG2256,30.0
367007750,2020-01-01T22:20:08,29.73453,-89.99348,4.9,321.3,511.0,MASTER TYLER,,WDC3431,31.0
367513750,2020-01-01T22:20:47,29.35553,-90.2503,0.0,360.0,511.0,MASTER TYLER,IMO9653226,WDG2256,30.0
367007750,2020-01-01T22:21:17,29.73571,-89.99469,4.9,319.7,511.0,MASTER TYLER,,WDC3431,31.0
367513750,2020-01-01T22:22:27,29.35554,-90.25029,0.0,360.0,511.0,MASTER TYLER,IMO9653226,WDG2256,30.0
367007750,2020-01-01T22:22:29,29.73685,-89.99597,4.7,315.8,511.0,MASTER TYLER,,WDC3431,31.0
367513750,2020-01-01T22:23:36,29.35555,-90.25028,0.0,360.0,511.0,MASTER TYLER,IMO9653226,WDG2256,30.0
367007750,2020-01-01T22:23:37,29.73798,-89.99716,4.9,313.8,511.0,MASTER TYLER,,WDC3431,31.0
367007750,2020-01-01T22:25:29,29.73972,-89.99925,5.0,304.1,511.0,MASTER TYLER,,WDC3431,31.0
367513750,2020-01-01T22:26:07,29.35555,-90.25029,0.0,360.0,511.0,MASTER TYLER,IMO9653226,WDG2256,30.0
367007750,2020-01-01T22:26:57,29.74075,-90.00125,4.7,299.8,511.0,MASTER TYLER,,WDC3431,31.0
367513750,2020-01-01T22:28:17,29.35555,-90.25028,0.0,360.0,511.0,MASTER TYLER,IMO9653226,WDG2256,30.0
367007750,2020-01-01T22:28:17,29.74165,-90.00284,4.5,310.1,511.0,MASTER TYLER,,WDC3431,31.0
367007750,2020-01-01T22:30:17,29.74323,-90.00513,4.7,304.7,511.0,MASTER TYLER,,WDC3431,31.0
367513750,2020-01-01T22:30:17,29.35555,-90.25028,0.0,360.0,511.0,MASTER TYLER,IMO9653226,WDG2256,30.0
367513750,2020-01-01T22:31:25,29.35555,-90.25029,0.0,360.0,511.0,MASTER TYLER,IMO9653226,WDG2256,30.0
367007750,2020-01-01T22:31:57,29.74446,-90.00724,4.7,303.7,511.0,MASTER TYLER,,WDC3431,31.0
367007750,2020-01-01T22:33:18,29.74541,-90.00892,4.7,303.2,511.0,MASTER TYLER,,WDC3431,31.0
367513750,2020-01-01T22:33:36,29.35555,-90.25028,0.0,360.0,511.0,MASTER TYLER,IMO9653226,WDG2256,30.0
367007750,2020-01-01T22:34:29,29.74619,-90.01047,4.7,297.8,511.0,MASTER TYLER,,WDC3431,31.0
367513750,2020-01-01T22:35:07,29.35555,-90.25028,0.0,360.0,511.0,MASTER TYLER,IMO9653226,WDG2256,30.0
367007750,2020-01-01T22:35:38,29.74697,-90.01192,4.7,304.8,511.0,MASTER TYLER,,WDC3431,31.0
367513750,2020-01-01T22:36:17,29.35554,-90.25028,0.0,360.0,511.0,MASTER TYLER,IMO9653226,WDG2256,30.0
367513750,2020-01-01T22:37:25,29.35555,-90.25028,0.0,360.0,511.0,MASTER TYLER,IMO9653226,WDG2256,30.0
367007750,2020-01-01T22:37:38,29.74862,-90.01427,5.0,309.1,511.0,MASTER TYLER,,WDC3431,31.0
367007750,2020-01-01T22:39:07,29.75,-90.01622,5.3,308.1,511.0,MASTER TYLER,,WDC3431,31.0
367513750,2020-01-01T22:39:26,29.35556,-90.25027,0.0,360.0,511.0,MASTER TYLER,IMO9653226,WDG2256,30.0
367007750,2020-01-01T22:41:17,29.7518,-90.01896,4.1,325.5,511.0,MASTER TYLER,,WDC3431,31.0
367513750,2020-01-01T22:41:25,29.35556,-90.25027,0.0,360.0,511.0,MASTER TYLER,IMO9653226,WDG2256,30.0
367513750,2020-01-01T22:42:37,29.35555,-90.25028,0.0,360.0,511.0,MASTER TYLER,IMO9653226,WDG2256,30.0
367007750,2020-01-01T22:42:57,29.75356,-90.01945,4.0,354.5,511.0,MASTER TYLER,,WDC3431,31.0
367513750,2020-01-01T22:43:47,29.35555,-90.25029,0.0,360.0,511.0,MASTER TYLER,IMO9653226,WDG2256,30.0
367513750,2020-01-01T22:45:07,29.35555,-90.25027,0.0,360.0,511.0,MASTER TYLER,IMO9653226,WDG2256,30.0
367007750,2020-01-01T22:45:57,29.75693,-90.02051,4.2,345.6,511.0,MASTER TYLER,,WDC3431,31.0
367513750,2020-01-01T22:46:25,29.35555,-90.25026,0.0,360.0,511.0,MASTER TYLER,IMO9653226,WDG2256,30.0
367007750,2020-01-01T22:47:38,29.75885,-90.02078,4.2,353.5,511.0,MASTER TYLER,,WDC3431,31.0
367513750,2020-01-01T22:47:45,29.35555,-90.25026,0.0,360.0,511.0,MASTER TYLER,IMO9653226,WDG2256,30.0
367513750,2020-01-01T22:49:17,29.35554,-90.25025,0.0,360.0,511.0,MASTER TYLER,IMO9653226,WDG2256,30.0
367007750,2020-01-01T22:49:38,29.76118,-90.02094,4.2,4.2,511.0,MASTER TYLER,,WDC3431,31.0
367513750,2020-01-01T22:50:26,29.35554,-90.25025,0.0,360.0,511.0,MASTER TYLER,IMO9653226,WDG2256,30.0
367007750,2020-01-01T22:50:48,29.76258,-90.02086,4.3,0.3,511.0,MASTER TYLER,,WDC3431,31.0
367513750,2020-01-01T22:51:27,29.35554,-90.25024,0.0,360.0,511.0,MASTER TYLER,IMO9653226,WDG2256,30.0
367007750,2020-01-01T22:54:08,29.76657,-90.02121,4.0,3.1,511.0,MASTER TYLER,,WDC3431,31.0
367513750,2020-01-01T22:55:27,29.35555,-90.25025,0.0,360.0,511.0,MASTER TYLER,IMO9653226,WDG2256,30.0
367007750,2020-01-01T22:55:37,29.76814,-90.02101,4.0,9.4,511.0,MASTER TYLER,,WDC3431,31.0
367007750,2020-01-01T22:56:57,29.76959,-90.02067,4.0,12.5,511.0,MASTER TYLER,,WDC3431,31.0
367513750,2020-01-01T22:57:47,29.35555,-90.25025,0.0,360.0,511.0,MASTER TYLER,IMO9653226,WDG2256,30.0
367007750,2020-01-01T22:58:18,29.77108,-90.02033,4.0,9.5,511.0,MASTER TYLER,,WDC3431,31.0
367007750,2020-01-01T22:59:28,29.77239,-90.02007,4.0,12.9,511.0,MASTER TYLER,,WDC3431,31.0
367513750,2020-01-01T22:59:46,29.35555,-90.25026,0.0,360.0,511.0,MASTER TYLER,IMO9653226,WDG2256,30.0
367007750,2020-01-01T23:00:07,29.77311,-90.01986,4.0,14.9,511.0,MASTER TYLER,,WDC3431,31.0
367513750,2020-01-01T23:00:16,29.35556,-90.25026,0.0,360.0,511.0,MASTER TYLER,IMO9653226,WDG2256,30.0
367007750,2020-01-01T23:01:08,29.77417,-90.01952,3.9,17.2,511.0,MASTER TYLER,,WDC3431,31.0
367513750,2020-01-01T23:01:46,29.35556,-90.25028,0.0,360.0,511.0,MASTER TYLER,IMO9653226,WDG2256,30.0
367007750,2020-01-01T23:02:18,29.77535,-90.01904,3.9,21.6,511.0,MASTER TYLER,,WDC3431,31.0
367513750,2020-01-01T23:02:57,29.35556,-90.25027,0.0,360.0,511.0,MASTER TYLER,IMO9653226,WDG2256,30.0
367007750,2020-01-01T23:03:28,29.77649,-90.01845,3.9,23.8,511.0,MASTER TYLER,,WDC3431,31.0
367513750,2020-01-01T23:04:15,29.35556,-90.25028,0.0,360.0,511.0,MASTER TYLER,IMO9653226,WDG2256,30.0
367007750,2020-01-01T23:04:38,29.77767,-90.01788,4.0,22.6,511.0,MASTER TYLER,,WDC3431,31.0
367513750,2020-01-01T23:05:46,29.35556,-90.25028,0.0,360.0,511.0,MASTER TYLER,IMO9653226,WDG2256,30.0
367007750,2020-01-01T23:05:47,29.77891,-90.01728,4.0,20.7,511.0,MASTER TYLER,,WDC3431,31.0
367007750,2020-01-01T23:06:58,29.7801,-90.01675,4.1,23.2,511.0,MASTER TYLER,,WDC3431,31.0
367513750,2020-01-01T23:07:17,29.35556,-90.25027,0.0,360.0,511.0,MASTER TYLER,IMO9653226,WDG2256,30.0
367007750,2020-01-01T23:08:18,29.78144,-90.01606,3.7,27.1,511.0,MASTER TYLER,,WDC3431,31.0
367513750,2020-01-01T23:08:46,29.35556,-90.25026,0.0,360.0,511.0,MASTER TYLER,IMO9653226,WDG2256,30.0
367007750,2020-01-01T23:09:19,29.78241,-90.01551,3.7,26.2,511.0,MASTER TYLER,,WDC3431,31.0
367513750,2020-01-01T23:09:57,29.35558,-90.25027,0.0,360.0,511.0,MASTER TYLER,IMO9653226,WDG2256,30.0
367007750,2020-01-01T23:10:38,29.7836,-90.0148,3.7,31.4,511.0,MASTER TYLER,,WDC3431,31.0
367513750,2020-01-01T23:11:17,29.35558,-90.25028,0.0,360.0,511.0,MASTER TYLER,IMO9653226,WDG2256,30.0
367007750,2020-01-01T23:11:48,29.78468,-90.01408,3.9,28.8,511.0,MASTER TYLER,,WDC3431,31.0
367513750,2020-01-01T23:12:37,29.35558,-90.25027,0.0,360.0,511.0,MASTER TYLER,IMO9653226,WDG2256,30.0
367007750,2020-01-01T23:12:58,29.78583,-90.01348,3.9,22.6,511.0,MASTER TYLER,,WDC3431,31.0
367513750,2020-01-01T23:13:47,29.35557,-90.25027,0.0,360.0,511.0,MASTER TYLER,IMO9653226,WDG2256,30.0
367007750,2020-01-01T23:14:38,29.78744,-90.01253,3.8,27.3,511.0,MASTER TYLER,,WDC3431,31.0
367513750,2020-01-01T23:15:07,29.35556,-90.25027,0.0,360.0,511.0,MASTER TYLER,IMO9653226,WDG2256,30.0
367007750,2020-01-01T23:15:48,29.7885,-90.01183,3.8,30.9,511.0,MASTER TYLER,,WDC3431,31.0
367513750,2020-01-01T23:17:07,29.35555,-90.25029,0.0,360.0,511.0,MASTER TYLER,IMO9653226,WDG2256,30.0
367007750,2020-01-01T23:17:48,29.79035,-90.01067,3.9,24.8,511.0,MASTER TYLER,,WDC3431,31.0
367007750,2020-01-01T23:18:49,29.79135,-90.01019,3.8,21.9,511.0,MASTER TYLER,,WDC3431,31.0
367513750,2020-01-01T23:19:07,29.35554,-90.2503,0.0,360.0,511.0,MASTER TYLER,IMO9653226,WDG2256,30.0
367513750,2020-01-01T23:20:17,29.35555,-90.25029,0.0,360.0,511.0,MASTER TYLER,IMO9653226,WDG2256,30.0
367007750,2020-01-01T23:20:49,29.79332,-90.0094,3.7,13.5,511.0,MASTER TYLER,,WDC3431,31.0
367513750,2020-01-01T23:21:27,29.35553,-90.25029,0.0,360.0,511.0,MASTER TYLER,IMO9653226,WDG2256,30.0
367007750,2020-01-01T23:21:51,29.79432,-90.00906,3.6,22.8,511.0,MASTER TYLER,,WDC3431,31.0
367513750,2020-01-01T23:22:46,29.35555,-90.25029,0.0,360.0,511.0,MASTER TYLER,IMO9653226,WDG2256,30.0
367007750,2020-01-01T23:22:58,29.79539,-90.00849,3.7,29.2,511.0,MASTER TYLER,,WDC3431,31.0
367513750,2020-01-01T23:23:56,29.35554,-90.25029,0.0,360.0,511.0,MASTER TYLER,IMO9653226,WDG2256,30.0
367007750,2020-01-01T23:24:27,29.79674,-90.0075,3.9,28.0,511.0,MASTER TYLER,,WDC3431,31.0
367007750,2020-01-01T23:25:38,29.79789,-90.00692,3.8,20.0,511.0,MASTER TYLER,,WDC3431,31.0
367513750,2020-01-01T23:25:46,29.35553,-90.25028,0.0,360.0,511.0,MASTER TYLER,IMO9653226,WDG2256,30.0
367513750,2020-01-01T23:27:27,29.35553,-90.25028,0.0,360.0,511.0,MASTER TYLER,IMO9653226,WDG2256,30.0
367007750,2020-01-01T23:27:28,29.79972,-90.00622,3.8,20.3,511.0,MASTER TYLER,,WDC3431,31.0
367513750,2020-01-01T23:29:37,29.35553,-90.25029,0.0,360.0,511.0,MASTER TYLER,IMO9653226,WDG2256,30.0
367007750,2020-01-01T23:29:47,29.80205,-90.00523,3.8,21.4,511.0,MASTER TYLER,,WDC3431,31.0
367513750,2020-01-01T23:30:55,29.35553,-90.25027,0.0,360.0,511.0,MASTER TYLER,IMO9653226,WDG2256,30.0
367007750,2020-01-01T23:31:38,29.80389,-90.0044,3.9,17.7,511.0,MASTER TYLER,,WDC3431,31.0
367513750,2020-01-01T23:32:17,29.35552,-90.25028,0.0,360.0,511.0,MASTER TYLER,IMO9653226,WDG2256,30.0
367007750,2020-01-01T23:32:49,29.8051,-90.00394,3.9,18.6,511.0,MASTER TYLER,,WDC3431,31.0
367513750,2020-01-01T23:33:37,29.35551,-90.25029,0.0,360.0,511.0,MASTER TYLER,IMO9653226,WDG2256,30.0
367007750,2020-01-01T23:34:37,29.80702,-90.00332,3.8,16.0,511.0,MASTER TYLER,,WDC3431,31.0
367513750,2020-01-01T23:34:56,29.3555,-90.25029,0.0,360.0,511.0,MASTER TYLER,IMO9653226,WDG2256,30.0
367513750,2020-01-01T23:35:57,29.35552,-90.25028,0.0,360.0,511.0,MASTER TYLER,IMO9653226,WDG2256,30.0
367007750,2020-01-01T23:36:48,29.80925,-90.00249,3.9,16.5,511.0,MASTER TYLER,,WDC3431,31.0
367007750,2020-01-01T23:38:07,29.81063,-90.00202,3.9,14.9,511.0,MASTER TYLER,,WDC3431,31.0
367513750,2020-01-01T23:38:47,29.35553,-90.25028,0.0,360.0,511.0,MASTER TYLER,IMO9653226,WDG2256,30.0
367007750,2020-01-01T23:39:19,29.81191,-90.00161,4.0,16.4,511.0,MASTER TYLER,,WDC3431,31.0
367513750,2020-01-01T23:41:27,29.35553,-90.25027,0.0,360.0,511.0,MASTER TYLER,IMO9653226,WDG2256,30.0
367007750,2020-01-01T23:41:59,29.81479,-90.00078,4.0,16.5,511.0,MASTER TYLER,,WDC3431,31.0
367513750,2020-01-01T23:43:07,29.35553,-90.25028,0.0,360.0,511.0,MASTER TYLER,IMO9653226,WDG2256,30.0
367007750,2020-01-01T23:43:57,29.81692,-90.00006,4.1,15.8,511.0,MASTER TYLER,,WDC3431,31.0
367513750,2020-01-01T23:44:27,29.35554,-90.25029,0.0,360.0,511.0,MASTER TYLER,IMO9653226,WDG2256,30.0
367007750,2020-01-01T23:45:57,29.81907,-89.99929,4.0,23.6,511.0,MASTER TYLER,,WDC3431,31.0
367513750,2020-01-01T23:46:07,29.35554,-90.25029,0.0,360.0,511.0,MASTER TYLER,IMO9653226,WDG2256,30.0
367007750,2020-01-01T23:47:07,29.82027,-89.99869,4.0,23.0,511.0,MASTER TYLER,,WDC3431,31.0
367513750,2020-01-01T23:47:46,29.35554,-90.25029,0.0,360.0,511.0,MASTER TYLER,IMO9653226,WDG2256,30.0
367007750,2020-01-01T23:48:17,29.82149,-89.99817,4.0,18.2,511.0,MASTER TYLER,,WDC3431,31.0
367007750,2020-01-01T23:49:28,29.82272,-89.99761,3.9,27.8,511.0,MASTER TYLER,,WDC3431,31.0
367513750,2020-01-01T23:49:36,29.35555,-90.25028,0.0,360.0,511.0,MASTER TYLER,IMO9653226,WDG2256,30.0
367007750,2020-01-01T23:50:58,29.82417,-89.99674,3.9,27.8,511.0,MASTER TYLER,,WDC3431,31.0
367007750,2020-01-01T23:52:17,29.82544,-89.99594,3.8,26.5,511.0,MASTER TYLER,,WDC3431,31.0
367513750,2020-01-01T23:52:17,29.35553,-90.25028,0.0,360.0,511.0,MASTER TYLER,IMO9653226,WDG2256,30.0
367007750,2020-01-01T23:53:28,29.82656,-89.99533,3.7,25.8,511.0,MASTER TYLER,,WDC3431,31.0
367513750,2020-01-01T23:55:56,29.35553,-90.25029,0.0,360.0,511.0,MASTER TYLER,IMO9653226,WDG2256,30.0
367007750,2020-01-01T23:56:18,29.82915,-89.99386,3.4,27.4,511.0,MASTER TYLER,,WDC3431,31.0
367513750,2020-01-01T23:56:57,29.35553,-90.25029,0.0,360.0,511.0,MASTER TYLER,IMO9653226,WDG2256,30.0
367007750,2020-01-01T23:57:28,29.83013,-89.99326,3.4,29.9,511.0,MASTER TYLER,,WDC3431,31.0
367007750,2020-01-01T23:58:30,29.83093,-89.99269,3.4,36.3,511.0,MASTER TYLER,,WDC3431,31.0
367513750,2020-01-01T23:58:37,29.35554,-90.25029,0.0,360.0,511.0,MASTER TYLER,IMO9653226,WDG2256,30.0
367007750,2020-01-01T23:59:33,29.83169,-89.99203,3.3,36.2,511.0,MASTER TYLER,,WDC3431,31.0
367513750,2020-01-01T23:59:56,29.35553,-90.25029,0.0,360.0,511.0,MASTER TYLER,IMO9653226,WDG2256,30.0
