MMSI,BaseDateTime,LAT,LON,SOG,COG,Heading,VesselName,IMO,CallSign,VesselType
368035410,2020-01-01T00:02:04,37.91144,-122.34831,0.0,360.0,511.0,REGAL EAGLE,IMO0000000,WDK2431,36.0
368035410,2020-01-01T00:05:03,37.91145,-122.34828,0.0,360.0,511.0,REGAL EAGLE,IMO0000000,WDK2431,36.0
368035410,2020-01-01T00:08:03,37.91146,-122.34824,0.0,360.0,511.0,REGAL EAGLE,IMO0000000,WDK2431,36.0
368035410,2020-01-01T00:11:03,37.91147,-122.34822,0.0,360.0,511.0,REGAL EAGLE,IMO0000000,WDK2431,36.0
368035410,2020-01-01T00:17:04,37.91149,-122.34823,0.0,360.0,511.0,REGAL EAGLE,IMO0000000,WDK2431,36.0
368035410,2020-01-01T00:20:04,37.91149,-122.34823,0.0,360.0,511.0,REGAL EAGLE,IMO0000000,WDK2431,36.0
368035410,2020-01-01T00:23:04,37.9115,-122.34824,0.0,360.0,511.0,REGAL EAGLE,IMO0000000,WDK2431,36.0
368035410,2020-01-01T00:26:06,37.91148,-122.34826,0.0,360.0,511.0,REGAL EAGLE,IMO0000000,WDK2431,36.0
368035410,2020-01-01T00:29:03,37.91148,-122.34825,0.0,360.0,511.0,REGAL EAGLE,IMO0000000,WDK2431,36.0
368035410,2020-01-01T00:32:04,37.91147,-122.34825,0.0,360.0,511.0,REGAL EAGLE,IMO0000000,WDK2431,36.0
368035410,2020-01-01T00:35:04,37.9115,-122.34826,0.0,360.0,511.0,REGAL EAGLE,IMO0000000,WDK2431,36.0
368035410,2020-01-01T00:38:07,37.91149,-122.34825,0.1,360.0,511.0,REGAL EAGLE,IMO0000000,WDK2431,36.0
368035410,2020-01-01T00:41:04,37.91149,-122.34824,0.0,360.0,511.0,REGAL EAGLE,IMO0000000,WDK2431,36.0
368035410,2020-01-01T00:44:04,37.91149,-122.34825,0.0,360.0,511.0,REGAL EAGLE,IMO0000000,WDK2431,36.0
368035410,2020-01-01T00:47:04,37.91147,-122.34823,0.0,360.0,511.0,REGAL EAGLE,IMO0000000,WDK2431,36.0
368035410,2020-01-01T00:50:04,37.91151,-122.34826,0.0,360.0,511.0,REGAL EAGLE,IMO0000000,WDK2431,36.0
368035410,2020-01-01T00:53:03,37.91148,-122.34826,0.0,360.0,511.0,REGAL EAGLE,IMO0000000,WDK2431,36.0
368035410,2020-01-01T00:56:04,37.91148,-122.34823,0.0,360.0,511.0,REGAL EAGLE,IMO0000000,WDK2431,36.0
368035410,2020-01-01T00:59:05,37.91148,-122.34823,0.1,360.0,511.0,REGAL EAGLE,IMO0000000,WDK2431,36.0
368035410,2020-01-01T01:02:03,37.9115,-122.34819,0.0,360.0,511.0,REGAL EAGLE,IMO0000000,WDK2431,36.0
368035410,2020-01-01T01:05:06,37.91147,-122.34828,0.0,360.0,511.0,REGAL EAGLE,IMO0000000,WDK2431,36.0
368035410,2020-01-01T01:08:03,37.91148,-122.34825,0.0,360.0,511.0,REGAL EAGLE,IMO0000000,WDK2431,36.0
368035410,2020-01-01T01:11:04,37.91149,-122.34822,0.0,360.0,511.0,REGAL EAGLE,IMO0000000,WDK2431,36.0
368035410,2020-01-01T01:14:05,37.91153,-122.34824,0.0,360.0,511.0,REGAL EAGLE,IMO0000000,WDK2431,36.0
368035410,2020-01-01T01:17:05,37.91148,-122.34826,0.0,360.0,511.0,REGAL EAGLE,IMO0000000,WDK2431,36.0
368035410,2020-01-01T01:20:06,37.91147,-122.34826,0.0,360.0,511.0,REGAL EAGLE,IMO0000000,WDK2431,36.0
368035410,2020-01-01T01:23:04,37.91147,-122.34827,0.0,360.0,511.0,REGAL EAGLE,IMO0000000,WDK2431,36.0
368035410,2020-01-01T01:26:03,37.91148,-122.34828,0.0,360.0,511.0,REGAL EAGLE,IMO0000000,WDK2431,36.0
368035410,2020-01-01T01:29:04,37.91154,-122.34822,0.0,360.0,511.0,REGAL EAGLE,IMO0000000,WDK2431,36.0
368035410,2020-01-01T01:32:03,37.91151,-122.34822,0.1,360.0,511.0,REGAL EAGLE,IMO0000000,WDK2431,36.0
368035410,2020-01-01T01:35:06,37.91154,-122.34825,0.0,360.0,511.0,REGAL EAGLE,IMO0000000,WDK2431,36.0
368035410,2020-01-01T01:38:04,37.91149,-122.34825,0.0,360.0,511.0,REGAL EAGLE,IMO0000000,WDK2431,36.0
368035410,2020-01-01T01:41:04,37.91149,-122.34823,0.0,360.0,511.0,REGAL EAGLE,IMO0000000,WDK2431,36.0
368035410,2020-01-01T01:44:03,37.91147,-122.34826,0.0,360.0,511.0,REGAL EAGLE,IMO0000000,WDK2431,36.0
368035410,2020-01-01T01:47:03,37.91148,-122.34824,0.0,360.0,511.0,REGAL EAGLE,IMO0000000,WDK2431,36.0
368035410,2020-01-01T01:50:04,37.91147,-122.34828,0.0,360.0,511.0,REGAL EAGLE,IMO0000000,WDK2431,36.0
368035410,2020-01-01T01:53:04,37.91145,-122.34826,0.0,360.0,511.0,REGAL EAGLE,IMO0000000,WDK2431,36.0
368035410,2020-01-01T01:56:03,37.9114,-122.34824,0.0,360.0,511.0,REGAL EAGLE,IMO0000000,WDK2431,36.0
368035410,2020-01-01T01:59:03,37.91147,-122.34827,0.0,360.0,511.0,REGAL EAGLE,IMO0000000,WDK2431,36.0
368035410,2020-01-01T02:02:03,37.91142,-122.34834,0.1,360.0,511.0,REGAL EAGLE,IMO0000000,WDK2431,36.0
368035410,2020-01-01T02:05:04,37.91141,-122.3483,0.0,360.0,511.0,REGAL EAGLE,IMO0000000,WDK2431,36.0
368035410,2020-01-01T02:08:03,37.91144,-122.34829,0.0,360.0,511.0,REGAL EAGLE,IMO0000000,WDK2431,36.0
368035410,2020-01-01T02:11:03,37.91145,-122.34827,0.0,360.0,511.0,REGAL EAGLE,IMO0000000,WDK2431,36.0
368035410,2020-01-01T02:14:03,37.91147,-122.34827,0.0,360.0,511.0,REGAL EAGLE,IMO0000000,WDK2431,36.0
368035410,2020-01-01T02:17:05,37.91148,-122.34824,0.0,360.0,511.0,REGAL EAGLE,IMO0000000,WDK2431,36.0
368035410,2020-01-01T02:20:06,37.9115,-122.34825,0.1,360.0,511.0,REGAL EAGLE,IMO0000000,WDK2431,36.0
368035410,2020-01-01T02:23:03,37.91145,-122.34824,0.0,360.0,511.0,REGAL EAGLE,IMO0000000,WDK2431,36.0
368035410,2020-01-01T02:26:03,37.91145,-122.34823,0.0,360.0,511.0,REGAL EAGLE,IMO0000000,WDK2431,36.0
368035410,2020-01-01T02:32:03,37.91148,-122.34825,0.0,360.0,511.0,REGAL EAGLE,IMO0000000,WDK2431,36.0
368035410,2020-01-01T02:35:03,37.91149,-122.34825,0.0,360.0,511.0,REGAL EAGLE,IMO0000000,WDK2431,36.0
368035410,2020-01-01T02:38:04,37.91149,-122.34825,0.0,360.0,511.0,REGAL EAGLE,IMO0000000,WDK2431,36.0
368035410,2020-01-01T02:41:03,37.91149,-122.34825,0.0,360.0,511.0,REGAL EAGLE,IMO0000000,WDK2431,36.0
368035410,2020-01-01T02:46:03,37.91146,-122.34824,0.0,234.0,511.0,REGAL EAGLE,IMO0000000,WDK2431,36.0
368035410,2020-01-01T02:47:33,37.91148,-122.34824,0.0,234.0,511.0,REGAL EAGLE,IMO0000000,WDK2431,36.0
368035410,2020-01-01T02:50:36,37.91147,-122.34827,0.0,234.0,511.0,REGAL EAGLE,IMO0000000,WDK2431,36.0
368035410,2020-01-01T02:53:35,37.91144,-122.34824,0.0,234.0,511.0,REGAL EAGLE,IMO0000000,WDK2431,36.0
368035410,2020-01-01T02:56:34,37.91146,-122.34826,0.0,234.0,511.0,REGAL EAGLE,IMO0000000,WDK2431,36.0
368035410,2020-01-01T02:59:33,37.9115,-122.34823,0.0,234.0,511.0,REGAL EAGLE,IMO0000000,WDK2431,36.0
368035410,2020-01-01T03:02:33,37.91148,-122.34823,0.0,234.0,511.0,REGAL EAGLE,IMO0000000,WDK2431,36.0
368035410,2020-01-01T03:05:33,37.91147,-122.34822,0.0,234.0,511.0,REGAL EAGLE,IMO0000000,WDK2431,36.0
368035410,2020-01-01T03:08:34,37.91148,-122.34823,0.0,234.0,511.0,REGAL EAGLE,IMO0000000,WDK2431,36.0
368035410,2020-01-01T03:11:34,37.9115,-122.34824,0.0,234.0,511.0,REGAL EAGLE,IMO0000000,WDK2431,36.0
368035410,2020-01-01T03:14:34,37.91149,-122.34823,0.0,234.0,511.0,REGAL EAGLE,IMO0000000,WDK2431,36.0
368035410,2020-01-01T03:17:33,37.91148,-122.34824,0.0,234.0,511.0,REGAL EAGLE,IMO0000000,WDK2431,36.0
368035410,2020-01-01T03:20:35,37.91149,-122.34827,0.0,234.0,511.0,REGAL EAGLE,IMO0000000,WDK2431,36.0
368035410,2020-01-01T03:23:33,37.9115,-122.34825,0.0,234.0,511.0,REGAL EAGLE,IMO0000000,WDK2431,36.0
368035410,2020-01-01T03:26:35,37.9115,-122.34825,0.0,234.0,511.0,REGAL EAGLE,IMO0000000,WDK2431,36.0
368035410,2020-01-01T03:29:35,37.9115,-122.34824,0.0,234.0,511.0,REGAL EAGLE,IMO0000000,WDK2431,36.0
368035410,2020-01-01T03:32:33,37.91151,-122.34824,0.0,234.0,511.0,REGAL EAGLE,IMO0000000,WDK2431,36.0
368035410,2020-01-01T03:35:34,37.91148,-122.34824,0.0,234.0,511.0,REGAL EAGLE,IMO0000000,WDK2431,36.0
368035410,2020-01-01T03:38:34,37.9115,-122.34823,0.0,234.0,511.0,REGAL EAGLE,IMO0000000,WDK2431,36.0
368035410,2020-01-01T03:41:33,37.91148,-122.34822,0.0,234.0,511.0,REGAL EAGLE,IMO0000000,WDK2431,36.0
368035410,2020-01-01T03:44:34,37.91148,-122.34823,0.0,234.0,511.0,REGAL EAGLE,IMO0000000,WDK2431,36.0
368035410,2020-01-01T03:47:33,37.91148,-122.3482,0.0,234.0,511.0,REGAL EAGLE,IMO0000000,WDK2431,36.0
368035410,2020-01-01T03:50:36,37.91148,-122.34821,0.0,234.0,511.0,REGAL EAGLE,IMO0000000,WDK2431,36.0
368035410,2020-01-01T03:53:33,37.91149,-122.34822,0.0,234.0,511.0,REGAL EAGLE,IMO0000000,WDK2431,36.0
368035410,2020-01-01T03:56:34,37.91149,-122.34821,0.0,234.0,511.0,REGAL EAGLE,IMO0000000,WDK2431,36.0
368035410,2020-01-01T03:59:34,37.91146,-122.34823,0.0,234.0,511.0,REGAL EAGLE,IMO0000000,WDK2431,36.0
368035410,2020-01-01T04:02:33,37.91148,-122.34825,0.0,234.0,511.0,REGAL EAGLE,IMO0000000,WDK2431,36.0
368035410,2020-01-01T04:05:34,37.91148,-122.34824,0.0,234.0,511.0,REGAL EAGLE,IMO0000000,WDK2431,36.0
368035410,2020-01-01T04:08:33,37.91147,-122.34824,0.0,234.0,511.0,REGAL EAGLE,IMO0000000,WDK2431,36.0
368035410,2020-01-01T04:11:34,37.91148,-122.34824,0.0,234.0,511.0,REGAL EAGLE,IMO0000000,WDK2431,36.0
368035410,2020-01-01T04:14:33,37.91149,-122.34824,0.0,234.0,511.0,REGAL EAGLE,IMO0000000,WDK2431,36.0
368035410,2020-01-01T04:17:34,37.91149,-122.34824,0.0,234.0,511.0,REGAL EAGLE,IMO0000000,WDK2431,36.0
368035410,2020-01-01T04:20:34,37.91149,-122.34822,0.1,234.0,511.0,REGAL EAGLE,IMO0000000,WDK2431,36.0
368035410,2020-01-01T04:23:33,37.91147,-122.34827,0.0,234.0,511.0,REGAL EAGLE,IMO0000000,WDK2431,36.0
368035410,2020-01-01T04:26:33,37.91148,-122.34823,0.0,234.0,511.0,REGAL EAGLE,IMO0000000,WDK2431,36.0
368035410,2020-01-01T04:29:34,37.9115,-122.34824,0.0,234.0,511.0,REGAL EAGLE,IMO0000000,WDK2431,36.0
368035410,2020-01-01T04:32:33,37.91148,-122.34825,0.0,234.0,511.0,REGAL EAGLE,IMO0000000,WDK2431,36.0
368035410,2020-01-01T04:35:33,37.91151,-122.34824,0.0,234.0,511.0,REGAL EAGLE,IMO0000000,WDK2431,36.0
368035410,2020-01-01T04:38:33,37.91148,-122.34825,0.0,234.0,511.0,REGAL EAGLE,IMO0000000,WDK2431,36.0
368035410,2020-01-01T04:41:33,37.91148,-122.34823,0.0,234.0,511.0,REGAL EAGLE,IMO0000000,WDK2431,36.0
368035410,2020-01-01T04:44:34,37.91144,-122.34821,0.0,234.0,511.0,REGAL EAGLE,IMO0000000,WDK2431,36.0
368035410,2020-01-01T04:47:34,37.91141,-122.34819,0.0,234.0,511.0,REGAL EAGLE,IMO0000000,WDK2431,36.0
368035410,2020-01-01T04:50:34,37.91148,-122.34822,0.0,234.0,511.0,REGAL EAGLE,IMO0000000,WDK2431,36.0
368035410,2020-01-01T04:53:36,37.9115,-122.34826,0.0,234.0,511.0,REGAL EAGLE,IMO0000000,WDK2431,36.0
368035410,2020-01-01T04:56:33,37.9115,-122.34823,0.1,234.0,511.0,REGAL EAGLE,IMO0000000,WDK2431,36.0
368035410,2020-01-01T04:59:33,37.91148,-122.34823,0.0,234.0,511.0,REGAL EAGLE,IMO0000000,WDK2431,36.0
368035410,2020-01-01T05:02:33,37.91149,-122.34826,0.0,234.0,511.0,REGAL EAGLE,IMO0000000,WDK2431,36.0
368035410,2020-01-01T05:05:33,37.91149,-122.34827,0.0,234.0,511.0,REGAL EAGLE,IMO0000000,WDK2431,36.0
368035410,2020-01-01T05:08:36,37.91147,-122.34829,0.0,234.0,511.0,REGAL EAGLE,IMO0000000,WDK2431,36.0
368035410,2020-01-01T05:11:33,37.91153,-122.34823,0.0,234.0,511.0,REGAL EAGLE,IMO0000000,WDK2431,36.0
368035410,2020-01-01T05:14:33,37.91149,-122.34823,0.0,234.0,511.0,REGAL EAGLE,IMO0000000,WDK2431,36.0
368035410,2020-01-01T05:17:34,37.91148,-122.34826,0.0,234.0,511.0,REGAL EAGLE,IMO0000000,WDK2431,36.0
368035410,2020-01-01T05:20:33,37.91146,-122.34826,0.0,234.0,511.0,REGAL EAGLE,IMO0000000,WDK2431,36.0
368035410,2020-01-01T05:23:35,37.91147,-122.34827,0.0,234.0,511.0,REGAL EAGLE,IMO0000000,WDK2431,36.0
368035410,2020-01-01T05:29:33,37.91148,-122.34823,0.0,234.0,511.0,REGAL EAGLE,IMO0000000,WDK2431,36.0
368035410,2020-01-01T05:32:36,37.91147,-122.34824,0.0,234.0,511.0,REGAL EAGLE,IMO0000000,WDK2431,36.0
368035410,2020-01-01T05:35:33,37.91147,-122.34825,0.0,234.0,511.0,REGAL EAGLE,IMO0000000,WDK2431,36.0
368035410,2020-01-01T05:38:34,37.91151,-122.34825,0.0,234.0,511.0,REGAL EAGLE,IMO0000000,WDK2431,36.0
368035410,2020-01-01T05:41:33,37.91149,-122.34825,0.0,234.0,511.0,REGAL EAGLE,IMO0000000,WDK2431,36.0
368035410,2020-01-01T05:44:35,37.9115,-122.34821,0.0,234.0,511.0,REGAL EAGLE,IMO0000000,WDK2431,36.0
368035410,2020-01-01T05:47:33,37.91149,-122.34825,0.0,234.0,511.0,REGAL EAGLE,IMO0000000,WDK2431,36.0
368035410,2020-01-01T05:50:36,37.91149,-122.34824,0.0,234.0,511.0,REGAL EAGLE,IMO0000000,WDK2431,36.0
368035410,2020-01-01T05:53:33,37.91151,-122.34825,0.0,234.0,511.0,REGAL EAGLE,IMO0000000,WDK2431,36.0
368035410,2020-01-01T05:56:33,37.91152,-122.34825,0.0,234.0,511.0,REGAL EAGLE,IMO0000000,WDK2431,36.0
368035410,2020-01-01T05:59:33,37.9115,-122.34823,0.1,234.0,511.0,REGAL EAGLE,IMO0000000,WDK2431,36.0
368035410,2020-01-01T06:02:34,37.91152,-122.34823,0.1,234.0,511.0,REGAL EAGLE,IMO0000000,WDK2431,36.0
368035410,2020-01-01T06:05:33,37.9115,-122.34824,0.0,234.0,511.0,REGAL EAGLE,IMO0000000,WDK2431,36.0
368035410,2020-01-01T06:08:33,37.91149,-122.34824,0.0,234.0,511.0,REGAL EAGLE,IMO0000000,WDK2431,36.0
368035410,2020-01-01T06:11:34,37.91148,-122.34824,0.0,234.0,511.0,REGAL EAGLE,IMO0000000,WDK2431,36.0
368035410,2020-01-01T06:14:35,37.91147,-122.34823,0.0,234.0,511.0,REGAL EAGLE,IMO0000000,WDK2431,36.0
368035410,2020-01-01T06:17:33,37.91147,-122.34827,0.0,234.0,511.0,REGAL EAGLE,IMO0000000,WDK2431,36.0
368035410,2020-01-01T06:20:34,37.91144,-122.34821,0.0,234.0,511.0,REGAL EAGLE,IMO0000000,WDK2431,36.0
368035410,2020-01-01T06:23:33,37.91143,-122.34818,0.0,234.0,511.0,REGAL EAGLE,IMO0000000,WDK2431,36.0
368035410,2020-01-01T06:26:33,37.91148,-122.34821,0.0,234.0,511.0,REGAL EAGLE,IMO0000000,WDK2431,36.0
368035410,2020-01-01T06:29:34,37.91152,-122.34826,0.0,234.0,511.0,REGAL EAGLE,IMO0000000,WDK2431,36.0
368035410,2020-01-01T06:32:34,37.9115,-122.34824,0.0,234.0,511.0,REGAL EAGLE,IMO0000000,WDK2431,36.0
368035410,2020-01-01T06:35:33,37.91151,-122.34825,0.0,234.0,511.0,REGAL EAGLE,IMO0000000,WDK2431,36.0
368035410,2020-01-01T06:38:33,37.91151,-122.34824,0.0,234.0,511.0,REGAL EAGLE,IMO0000000,WDK2431,36.0
368035410,2020-01-01T06:41:35,37.9115,-122.34822,0.0,234.0,511.0,REGAL EAGLE,IMO0000000,WDK2431,36.0
368035410,2020-01-01T06:44:33,37.9115,-122.34825,0.0,234.0,511.0,REGAL EAGLE,IMO0000000,WDK2431,36.0
368035410,2020-01-01T06:47:34,37.91149,-122.34822,0.0,234.0,511.0,REGAL EAGLE,IMO0000000,WDK2431,36.0
368035410,2020-01-01T06:50:33,37.91147,-122.34821,0.0,234.0,511.0,REGAL EAGLE,IMO0000000,WDK2431,36.0
368035410,2020-01-01T06:53:33,37.91148,-122.34824,0.0,234.0,511.0,REGAL EAGLE,IMO0000000,WDK2431,36.0
368035410,2020-01-01T06:56:34,37.91148,-122.34822,0.0,234.0,511.0,REGAL EAGLE,IMO0000000,WDK2431,36.0
368035410,2020-01-01T06:59:34,37.9115,-122.34824,0.0,234.0,511.0,REGAL EAGLE,IMO0000000,WDK2431,36.0
368035410,2020-01-01T07:02:33,37.9115,-122.34823,0.0,234.0,511.0,REGAL EAGLE,IMO0000000,WDK2431,36.0
368035410,2020-01-01T07:05:34,37.91149,-122.34821,0.0,234.0,511.0,REGAL EAGLE,IMO0000000,WDK2431,36.0
368035410,2020-01-01T07:08:33,37.9115,-122.34823,0.0,234.0,511.0,REGAL EAGLE,IMO0000000,WDK2431,36.0
368035410,2020-01-01T07:11:33,37.91148,-122.34825,0.0,234.0,511.0,REGAL EAGLE,IMO0000000,WDK2431,36.0
368035410,2020-01-01T07:14:33,37.9115,-122.34821,0.0,234.0,511.0,REGAL EAGLE,IMO0000000,WDK2431,36.0
368035410,2020-01-01T07:17:33,37.91148,-122.34821,0.0,234.0,511.0,REGAL EAGLE,IMO0000000,WDK2431,36.0
368035410,2020-01-01T07:20:33,37.9115,-122.34821,0.0,234.0,511.0,REGAL EAGLE,IMO0000000,WDK2431,36.0
368035410,2020-01-01T07:23:33,37.9115,-122.34822,0.0,234.0,511.0,REGAL EAGLE,IMO0000000,WDK2431,36.0
368035410,2020-01-01T07:26:33,37.91148,-122.34817,0.0,234.0,511.0,REGAL EAGLE,IMO0000000,WDK2431,36.0
368035410,2020-01-01T07:29:33,37.91146,-122.34819,0.1,234.0,511.0,REGAL EAGLE,IMO0000000,WDK2431,36.0
368035410,2020-01-01T07:32:36,37.91147,-122.34824,0.0,234.0,511.0,REGAL EAGLE,IMO0000000,WDK2431,36.0
368035410,2020-01-01T07:35:34,37.91148,-122.34823,0.0,234.0,511.0,REGAL EAGLE,IMO0000000,WDK2431,36.0
368035410,2020-01-01T07:38:33,37.91149,-122.34823,0.0,234.0,511.0,REGAL EAGLE,IMO0000000,WDK2431,36.0
368035410,2020-01-01T07:41:33,37.9115,-122.34825,0.0,234.0,511.0,REGAL EAGLE,IMO0000000,WDK2431,36.0
368035410,2020-01-01T07:44:34,37.91148,-122.34826,0.0,234.0,511.0,REGAL EAGLE,IMO0000000,WDK2431,36.0
368035410,2020-01-01T07:47:35,37.91149,-122.34823,0.0,234.0,511.0,REGAL EAGLE,IMO0000000,WDK2431,36.0
368035410,2020-01-01T07:50:35,37.91147,-122.34823,0.0,234.0,511.0,REGAL EAGLE,IMO0000000,WDK2431,36.0
368035410,2020-01-01T07:53:34,37.91148,-122.34829,0.0,234.0,511.0,REGAL EAGLE,IMO0000000,WDK2431,36.0
368035410,2020-01-01T07:56:33,37.91147,-122.34826,0.0,234.0,511.0,REGAL EAGLE,IMO0000000,WDK2431,36.0
368035410,2020-01-01T07:59:34,37.91147,-122.34825,0.0,234.0,511.0,REGAL EAGLE,IMO0000000,WDK2431,36.0
368035410,2020-01-01T08:02:36,37.9115,-122.34827,0.0,234.0,511.0,REGAL EAGLE,IMO0000000,WDK2431,36.0
368035410,2020-01-01T08:05:33,37.9115,-122.34827,0.0,234.0,511.0,REGAL EAGLE,IMO0000000,WDK2431,36.0
368035410,2020-01-01T08:08:35,37.91153,-122.34828,0.0,234.0,511.0,REGAL EAGLE,IMO0000000,WDK2431,36.0
368035410,2020-01-01T08:11:33,37.9115,-122.34827,0.0,234.0,511.0,REGAL EAGLE,IMO0000000,WDK2431,36.0
368035410,2020-01-01T08:14:33,37.9115,-122.34827,0.0,234.0,511.0,REGAL EAGLE,IMO0000000,WDK2431,36.0
368035410,2020-01-01T08:17:33,37.9115,-122.34827,0.0,234.0,511.0,REGAL EAGLE,IMO0000000,WDK2431,36.0
368035410,2020-01-01T08:20:33,37.9115,-122.34825,0.0,234.0,511.0,REGAL EAGLE,IMO0000000,WDK2431,36.0
368035410,2020-01-01T08:23:34,37.91152,-122.34824,0.0,234.0,511.0,REGAL EAGLE,IMO0000000,WDK2431,36.0
368035410,2020-01-01T08:26:35,37.9115,-122.34824,0.0,234.0,511.0,REGAL EAGLE,IMO0000000,WDK2431,36.0
368035410,2020-01-01T08:29:34,37.91152,-122.34822,0.1,234.0,511.0,REGAL EAGLE,IMO0000000,WDK2431,36.0
368035410,2020-01-01T08:32:33,37.9115,-122.34824,0.0,234.0,511.0,REGAL EAGLE,IMO0000000,WDK2431,36.0
368035410,2020-01-01T08:35:33,37.9115,-122.34824,0.0,234.0,511.0,REGAL EAGLE,IMO0000000,WDK2431,36.0
368035410,2020-01-01T08:38:35,37.91151,-122.34827,0.0,234.0,511.0,REGAL EAGLE,IMO0000000,WDK2431,36.0
368035410,2020-01-01T08:41:34,37.91152,-122.34823,0.0,234.0,511.0,REGAL EAGLE,IMO0000000,WDK2431,36.0
368035410,2020-01-01T08:44:34,37.9115,-122.34825,0.0,234.0,511.0,REGAL EAGLE,IMO0000000,WDK2431,36.0
368035410,2020-01-01T08:47:33,37.91154,-122.34823,0.1,234.0,511.0,REGAL EAGLE,IMO0000000,WDK2431,36.0
368035410,2020-01-01T08:50:33,37.91155,-122.34822,0.1,204.6,511.0,REGAL EAGLE,IMO0000000,WDK2431,36.0
368035410,2020-01-01T08:53:35,37.91153,-122.34826,0.0,204.6,511.0,REGAL EAGLE,IMO0000000,WDK2431,36.0
368035410,2020-01-01T08:56:33,37.91154,-122.34828,0.1,204.6,511.0,REGAL EAGLE,IMO0000000,WDK2431,36.0
368035410,2020-01-01T08:59:34,37.9115,-122.34826,0.0,204.6,511.0,REGAL EAGLE,IMO0000000,WDK2431,36.0
368035410,2020-01-01T09:02:36,37.91148,-122.34832,0.0,204.6,511.0,REGAL EAGLE,IMO0000000,WDK2431,36.0
368035410,2020-01-01T09:05:35,37.9115,-122.34823,0.1,204.6,511.0,REGAL EAGLE,IMO0000000,WDK2431,36.0
368035410,2020-01-01T09:08:33,37.91154,-122.34822,0.0,204.6,511.0,REGAL EAGLE,IMO0000000,WDK2431,36.0
368035410,2020-01-01T09:11:33,37.91152,-122.34823,0.0,204.6,511.0,REGAL EAGLE,IMO0000000,WDK2431,36.0
368035410,2020-01-01T09:14:33,37.91153,-122.34821,0.1,204.6,511.0,REGAL EAGLE,IMO0000000,WDK2431,36.0
368035410,2020-01-01T09:17:34,37.91148,-122.34824,0.1,204.6,511.0,REGAL EAGLE,IMO0000000,WDK2431,36.0
368035410,2020-01-01T09:20:33,37.91152,-122.34825,0.0,204.6,511.0,REGAL EAGLE,IMO0000000,WDK2431,36.0
368035410,2020-01-01T09:23:33,37.91152,-122.34822,0.0,204.6,511.0,REGAL EAGLE,IMO0000000,WDK2431,36.0
368035410,2020-01-01T09:26:33,37.91148,-122.34824,0.0,204.6,511.0,REGAL EAGLE,IMO0000000,WDK2431,36.0
368035410,2020-01-01T09:29:33,37.91148,-122.34823,0.0,204.6,511.0,REGAL EAGLE,IMO0000000,WDK2431,36.0
368035410,2020-01-01T09:32:34,37.91146,-122.34824,0.0,204.6,511.0,REGAL EAGLE,IMO0000000,WDK2431,36.0
368035410,2020-01-01T09:35:33,37.9115,-122.34824,0.0,204.6,511.0,REGAL EAGLE,IMO0000000,WDK2431,36.0
368035410,2020-01-01T09:38:33,37.91146,-122.34824,0.0,204.6,511.0,REGAL EAGLE,IMO0000000,WDK2431,36.0
368035410,2020-01-01T09:41:34,37.91147,-122.34824,0.0,204.6,511.0,REGAL EAGLE,IMO0000000,WDK2431,36.0
368035410,2020-01-01T09:44:33,37.91148,-122.34825,0.0,204.6,511.0,REGAL EAGLE,IMO0000000,WDK2431,36.0
368035410,2020-01-01T09:47:34,37.91148,-122.34825,0.0,204.6,511.0,REGAL EAGLE,IMO0000000,WDK2431,36.0
368035410,2020-01-01T09:50:33,37.91149,-122.34825,0.0,204.6,511.0,REGAL EAGLE,IMO0000000,WDK2431,36.0
368035410,2020-01-01T09:53:33,37.91148,-122.34826,0.0,204.6,511.0,REGAL EAGLE,IMO0000000,WDK2431,36.0
368035410,2020-01-01T09:56:33,37.91147,-122.34823,0.1,204.6,511.0,REGAL EAGLE,IMO0000000,WDK2431,36.0
368035410,2020-01-01T09:59:35,37.91149,-122.34823,0.0,204.6,511.0,REGAL EAGLE,IMO0000000,WDK2431,36.0
368035410,2020-01-01T10:02:36,37.9115,-122.34823,0.0,204.6,511.0,REGAL EAGLE,IMO0000000,WDK2431,36.0
368035410,2020-01-01T10:05:33,37.91149,-122.34826,0.0,204.6,511.0,REGAL EAGLE,IMO0000000,WDK2431,36.0
368035410,2020-01-01T10:08:33,37.91149,-122.34825,0.0,204.6,511.0,REGAL EAGLE,IMO0000000,WDK2431,36.0
368035410,2020-01-01T10:11:34,37.91149,-122.34822,0.0,204.6,511.0,REGAL EAGLE,IMO0000000,WDK2431,36.0
368035410,2020-01-01T10:14:33,37.9115,-122.34823,0.0,204.6,511.0,REGAL EAGLE,IMO0000000,WDK2431,36.0
368035410,2020-01-01T10:17:34,37.91146,-122.34824,0.0,204.6,511.0,REGAL EAGLE,IMO0000000,WDK2431,36.0
368035410,2020-01-01T10:20:35,37.91147,-122.34822,0.0,204.6,511.0,REGAL EAGLE,IMO0000000,WDK2431,36.0
368035410,2020-01-01T10:23:33,37.91146,-122.34825,0.0,204.6,511.0,REGAL EAGLE,IMO0000000,WDK2431,36.0
368035410,2020-01-01T10:26:33,37.91145,-122.34827,0.0,204.6,511.0,REGAL EAGLE,IMO0000000,WDK2431,36.0
368035410,2020-01-01T10:29:34,37.91145,-122.34822,0.0,204.6,511.0,REGAL EAGLE,IMO0000000,WDK2431,36.0
368035410,2020-01-01T10:32:33,37.91147,-122.3482,0.0,204.6,511.0,REGAL EAGLE,IMO0000000,WDK2431,36.0
368035410,2020-01-01T10:35:33,37.91149,-122.34822,0.0,204.6,511.0,REGAL EAGLE,IMO0000000,WDK2431,36.0
368035410,2020-01-01T10:38:33,37.91149,-122.34826,0.0,204.6,511.0,REGAL EAGLE,IMO0000000,WDK2431,36.0
368035410,2020-01-01T10:41:35,37.91147,-122.34824,0.0,204.6,511.0,REGAL EAGLE,IMO0000000,WDK2431,36.0
368035410,2020-01-01T10:44:33,37.91148,-122.34825,0.0,204.6,511.0,REGAL EAGLE,IMO0000000,WDK2431,36.0
368035410,2020-01-01T10:47:33,37.91144,-122.34824,0.0,204.6,511.0,REGAL EAGLE,IMO0000000,WDK2431,36.0
368035410,2020-01-01T10:50:36,37.91144,-122.34825,0.0,204.6,511.0,REGAL EAGLE,IMO0000000,WDK2431,36.0
368035410,2020-01-01T10:53:34,37.91148,-122.34823,0.0,204.6,511.0,REGAL EAGLE,IMO0000000,WDK2431,36.0
368035410,2020-01-01T10:56:33,37.91148,-122.34822,0.0,204.6,511.0,REGAL EAGLE,IMO0000000,WDK2431,36.0
368035410,2020-01-01T10:59:33,37.91148,-122.34823,0.0,204.6,511.0,REGAL EAGLE,IMO0000000,WDK2431,36.0
368035410,2020-01-01T11:02:33,37.9115,-122.34821,0.0,204.6,511.0,REGAL EAGLE,IMO0000000,WDK2431,36.0
368035410,2020-01-01T11:05:34,37.91149,-122.34824,0.0,204.6,511.0,REGAL EAGLE,IMO0000000,WDK2431,36.0
368035410,2020-01-01T11:08:35,37.91151,-122.34824,0.0,204.6,511.0,REGAL EAGLE,IMO0000000,WDK2431,36.0
368035410,2020-01-01T11:11:34,37.91152,-122.34825,0.0,204.6,511.0,REGAL EAGLE,IMO0000000,WDK2431,36.0
368035410,2020-01-01T11:14:33,37.9115,-122.34825,0.0,204.6,511.0,REGAL EAGLE,IMO0000000,WDK2431,36.0
368035410,2020-01-01T11:17:33,37.91147,-122.34827,0.0,204.6,511.0,REGAL EAGLE,IMO0000000,WDK2431,36.0
368035410,2020-01-01T11:20:34,37.91148,-122.34828,0.0,204.6,511.0,REGAL EAGLE,IMO0000000,WDK2431,36.0
368035410,2020-01-01T11:23:34,37.9115,-122.34822,0.0,204.6,511.0,REGAL EAGLE,IMO0000000,WDK2431,36.0
368035410,2020-01-01T11:26:33,37.91147,-122.34825,0.0,204.6,511.0,REGAL EAGLE,IMO0000000,WDK2431,36.0
368035410,2020-01-01T11:29:33,37.91147,-122.34824,0.0,204.6,511.0,REGAL EAGLE,IMO0000000,WDK2431,36.0
368035410,2020-01-01T11:32:35,37.91148,-122.34824,0.0,204.6,511.0,REGAL EAGLE,IMO0000000,WDK2431,36.0
368035410,2020-01-01T11:35:35,37.91148,-122.34824,0.0,204.6,511.0,REGAL EAGLE,IMO0000000,WDK2431,36.0
368035410,2020-01-01T11:38:33,37.91149,-122.34825,0.0,204.6,511.0,REGAL EAGLE,IMO0000000,WDK2431,36.0
368035410,2020-01-01T11:41:34,37.91148,-122.34827,0.0,204.6,511.0,REGAL EAGLE,IMO0000000,WDK2431,36.0
368035410,2020-01-01T11:44:33,37.9115,-122.34824,0.0,204.6,511.0,REGAL EAGLE,IMO0000000,WDK2431,36.0
368035410,2020-01-01T11:47:33,37.91151,-122.34825,0.0,204.6,511.0,REGAL EAGLE,IMO0000000,WDK2431,36.0
368035410,2020-01-01T11:50:34,37.91151,-122.34824,0.0,204.6,511.0,REGAL EAGLE,IMO0000000,WDK2431,36.0
368035410,2020-01-01T11:53:34,37.91147,-122.34824,0.1,204.6,511.0,REGAL EAGLE,IMO0000000,WDK2431,36.0
368035410,2020-01-01T11:56:33,37.91148,-122.34823,0.0,204.6,511.0,REGAL EAGLE,IMO0000000,WDK2431,36.0
368035410,2020-01-01T11:59:34,37.91153,-122.34825,0.0,204.6,511.0,REGAL EAGLE,IMO0000000,WDK2431,36.0
368035410,2020-01-01T12:02:33,37.91155,-122.34826,0.0,204.6,511.0,REGAL EAGLE,IMO0000000,WDK2431,36.0
368035410,2020-01-01T12:05:34,37.91145,-122.34824,0.0,204.6,511.0,REGAL EAGLE,IMO0000000,WDK2431,36.0
368035410,2020-01-01T12:08:34,37.91148,-122.34824,0.0,204.6,511.0,REGAL EAGLE,IMO0000000,WDK2431,36.0
368035410,2020-01-01T12:11:33,37.91148,-122.34825,0.0,204.6,511.0,REGAL EAGLE,IMO0000000,WDK2431,36.0
368035410,2020-01-01T12:14:35,37.91147,-122.34822,0.0,204.6,511.0,REGAL EAGLE,IMO0000000,WDK2431,36.0
368035410,2020-01-01T12:17:33,37.91148,-122.34824,0.0,204.6,511.0,REGAL EAGLE,IMO0000000,WDK2431,36.0
368035410,2020-01-01T12:20:33,37.91152,-122.34823,0.0,204.6,511.0,REGAL EAGLE,IMO0000000,WDK2431,36.0
368035410,2020-01-01T12:23:33,37.91148,-122.34824,0.0,204.6,511.0,REGAL EAGLE,IMO0000000,WDK2431,36.0
368035410,2020-01-01T12:26:33,37.91149,-122.34822,0.0,204.6,511.0,REGAL EAGLE,IMO0000000,WDK2431,36.0
368035410,2020-01-01T12:29:34,37.91148,-122.34824,0.0,204.6,511.0,REGAL EAGLE,IMO0000000,WDK2431,36.0
368035410,2020-01-01T12:32:34,37.91149,-122.34821,0.0,204.6,511.0,REGAL EAGLE,IMO0000000,WDK2431,36.0
368035410,2020-01-01T12:35:33,37.9115,-122.34822,0.0,204.6,511.0,REGAL EAGLE,IMO0000000,WDK2431,36.0
368035410,2020-01-01T12:38:33,37.91148,-122.34822,0.1,204.6,511.0,REGAL EAGLE,IMO0000000,WDK2431,36.0
368035410,2020-01-01T12:41:36,37.91147,-122.34822,0.1,204.6,511.0,REGAL EAGLE,IMO0000000,WDK2431,36.0
368035410,2020-01-01T12:44:35,37.91148,-122.34822,0.0,204.6,511.0,REGAL EAGLE,IMO0000000,WDK2431,36.0
368035410,2020-01-01T12:47:33,37.9115,-122.34822,0.0,204.6,511.0,REGAL EAGLE,IMO0000000,WDK2431,36.0
368035410,2020-01-01T12:50:33,37.91151,-122.34823,0.0,204.6,511.0,REGAL EAGLE,IMO0000000,WDK2431,36.0
368035410,2020-01-01T12:53:33,37.91151,-122.34824,0.0,204.6,511.0,REGAL EAGLE,IMO0000000,WDK2431,36.0
368035410,2020-01-01T12:56:33,37.91149,-122.34822,0.0,204.6,511.0,REGAL EAGLE,IMO0000000,WDK2431,36.0
368035410,2020-01-01T12:59:33,37.91148,-122.34822,0.0,204.6,511.0,REGAL EAGLE,IMO0000000,WDK2431,36.0
368035410,2020-01-01T13:02:34,37.91146,-122.34826,0.0,204.6,511.0,REGAL EAGLE,IMO0000000,WDK2431,36.0
368035410,2020-01-01T13:05:34,37.9115,-122.34824,0.0,204.6,511.0,REGAL EAGLE,IMO0000000,WDK2431,36.0
368035410,2020-01-01T13:08:36,37.91148,-122.34827,0.0,204.6,511.0,REGAL EAGLE,IMO0000000,WDK2431,36.0
368035410,2020-01-01T13:11:33,37.91148,-122.34825,0.0,204.6,511.0,REGAL EAGLE,IMO0000000,WDK2431,36.0
368035410,2020-01-01T13:14:36,37.9115,-122.34828,0.0,204.6,511.0,REGAL EAGLE,IMO0000000,WDK2431,36.0
368035410,2020-01-01T13:17:33,37.91148,-122.34825,0.0,204.6,511.0,REGAL EAGLE,IMO0000000,WDK2431,36.0
368035410,2020-01-01T13:20:34,37.91148,-122.34828,0.0,204.6,511.0,REGAL EAGLE,IMO0000000,WDK2431,36.0
368035410,2020-01-01T13:23:35,37.91151,-122.34828,0.0,204.6,511.0,REGAL EAGLE,IMO0000000,WDK2431,36.0
368035410,2020-01-01T13:26:33,37.91151,-122.34827,0.0,204.6,511.0,REGAL EAGLE,IMO0000000,WDK2431,36.0
368035410,2020-01-01T13:29:34,37.91151,-122.34826,0.0,204.6,511.0,REGAL EAGLE,IMO0000000,WDK2431,36.0
368035410,2020-01-01T13:32:33,37.9115,-122.34825,0.0,204.6,511.0,REGAL EAGLE,IMO0000000,WDK2431,36.0
368035410,2020-01-01T13:35:36,37.91147,-122.34826,0.0,204.6,511.0,REGAL EAGLE,IMO0000000,WDK2431,36.0
368035410,2020-01-01T13:38:33,37.91146,-122.34823,0.0,204.6,511.0,REGAL EAGLE,IMO0000000,WDK2431,36.0
368035410,2020-01-01T13:41:33,37.91149,-122.34822,0.0,204.6,511.0,REGAL EAGLE,IMO0000000,WDK2431,36.0
368035410,2020-01-01T13:44:33,37.91148,-122.34822,0.0,204.6,511.0,REGAL EAGLE,IMO0000000,WDK2431,36.0
368035410,2020-01-01T13:47:35,37.91148,-122.34824,0.0,204.6,511.0,REGAL EAGLE,IMO0000000,WDK2431,36.0
368035410,2020-01-01T13:50:34,37.91148,-122.34824,0.0,204.6,511.0,REGAL EAGLE,IMO0000000,WDK2431,36.0
368035410,2020-01-01T13:53:34,37.91147,-122.34825,0.0,204.6,511.0,REGAL EAGLE,IMO0000000,WDK2431,36.0
368035410,2020-01-01T13:56:33,37.91146,-122.34824,0.0,204.6,511.0,REGAL EAGLE,IMO0000000,WDK2431,36.0
368035410,2020-01-01T13:59:33,37.91148,-122.34825,0.0,204.6,511.0,REGAL EAGLE,IMO0000000,WDK2431,36.0
368035410,2020-01-01T14:02:35,37.91149,-122.34824,0.0,204.6,511.0,REGAL EAGLE,IMO0000000,WDK2431,36.0
368035410,2020-01-01T14:05:35,37.91146,-122.34828,0.0,204.6,511.0,REGAL EAGLE,IMO0000000,WDK2431,36.0
368035410,2020-01-01T14:08:34,37.91148,-122.34828,0.0,204.6,511.0,REGAL EAGLE,IMO0000000,WDK2431,36.0
368035410,2020-01-01T14:11:34,37.91145,-122.34824,0.0,204.6,511.0,REGAL EAGLE,IMO0000000,WDK2431,36.0
368035410,2020-01-01T14:14:33,37.91146,-122.34824,0.0,204.6,511.0,REGAL EAGLE,IMO0000000,WDK2431,36.0
368035410,2020-01-01T14:17:34,37.91148,-122.34827,0.0,204.6,511.0,REGAL EAGLE,IMO0000000,WDK2431,36.0
368035410,2020-01-01T14:20:34,37.91148,-122.34826,0.0,204.6,511.0,REGAL EAGLE,IMO0000000,WDK2431,36.0
368035410,2020-01-01T14:23:34,37.91147,-122.34829,0.0,204.6,511.0,REGAL EAGLE,IMO0000000,WDK2431,36.0
368035410,2020-01-01T14:26:33,37.91145,-122.34828,0.0,204.6,511.0,REGAL EAGLE,IMO0000000,WDK2431,36.0
368035410,2020-01-01T14:29:34,37.91149,-122.34828,0.0,204.6,511.0,REGAL EAGLE,IMO0000000,WDK2431,36.0
368035410,2020-01-01T14:32:34,37.9115,-122.34827,0.0,204.6,511.0,REGAL EAGLE,IMO0000000,WDK2431,36.0
368035410,2020-01-01T14:35:34,37.91151,-122.34833,0.1,204.6,511.0,REGAL EAGLE,IMO0000000,WDK2431,36.0
368035410,2020-01-01T14:38:36,37.9115,-122.34827,0.0,204.6,511.0,REGAL EAGLE,IMO0000000,WDK2431,36.0
368035410,2020-01-01T14:41:33,37.91147,-122.34826,0.0,204.6,511.0,REGAL EAGLE,IMO0000000,WDK2431,36.0
368035410,2020-01-01T14:44:35,37.91149,-122.34826,0.0,204.6,511.0,REGAL EAGLE,IMO0000000,WDK2431,36.0
368035410,2020-01-01T14:47:36,37.91151,-122.34825,0.1,204.6,511.0,REGAL EAGLE,IMO0000000,WDK2431,36.0
368035410,2020-01-01T14:50:33,37.9115,-122.34823,0.0,204.6,511.0,REGAL EAGLE,IMO0000000,WDK2431,36.0
368035410,2020-01-01T14:53:33,37.91146,-122.34823,0.0,204.6,511.0,REGAL EAGLE,IMO0000000,WDK2431,36.0
368035410,2020-01-01T14:56:34,37.91148,-122.34823,0.0,204.6,511.0,REGAL EAGLE,IMO0000000,WDK2431,36.0
368035410,2020-01-01T14:59:35,37.91148,-122.34821,0.0,204.6,511.0,REGAL EAGLE,IMO0000000,WDK2431,36.0
368035410,2020-01-01T15:02:34,37.9115,-122.34821,0.0,204.6,511.0,REGAL EAGLE,IMO0000000,WDK2431,36.0
368035410,2020-01-01T15:05:33,37.91148,-122.34826,0.0,204.6,511.0,REGAL EAGLE,IMO0000000,WDK2431,36.0
368035410,2020-01-01T15:08:33,37.91148,-122.34825,0.0,204.6,511.0,REGAL EAGLE,IMO0000000,WDK2431,36.0
368035410,2020-01-01T15:11:34,37.91149,-122.34824,0.0,204.6,511.0,REGAL EAGLE,IMO0000000,WDK2431,36.0
368035410,2020-01-01T15:14:33,37.91149,-122.34825,0.0,204.6,511.0,REGAL EAGLE,IMO0000000,WDK2431,36.0
368035410,2020-01-01T15:17:35,37.9115,-122.34826,0.1,204.6,511.0,REGAL EAGLE,IMO0000000,WDK2431,36.0
368035410,2020-01-01T15:20:33,37.91148,-122.34823,0.0,204.6,511.0,REGAL EAGLE,IMO0000000,WDK2431,36.0
368035410,2020-01-01T15:23:33,37.91147,-122.34822,0.0,204.6,511.0,REGAL EAGLE,IMO0000000,WDK2431,36.0
368035410,2020-01-01T15:26:33,37.91147,-122.34823,0.0,204.6,511.0,REGAL EAGLE,IMO0000000,WDK2431,36.0
368035410,2020-01-01T15:29:35,37.91149,-122.34823,0.0,204.6,511.0,REGAL EAGLE,IMO0000000,WDK2431,36.0
368035410,2020-01-01T15:35:36,37.9115,-122.34825,0.0,204.6,511.0,REGAL EAGLE,IMO0000000,WDK2431,36.0
368035410,2020-01-01T15:38:33,37.91148,-122.34825,0.0,204.6,511.0,REGAL EAGLE,IMO0000000,WDK2431,36.0
368035410,2020-01-01T15:41:35,37.91149,-122.34824,0.0,204.6,511.0,REGAL EAGLE,IMO0000000,WDK2431,36.0
368035410,2020-01-01T15:44:35,37.91148,-122.34824,0.0,204.6,511.0,REGAL EAGLE,IMO0000000,WDK2431,36.0
368035410,2020-01-01T15:46:34,37.9115,-122.34825,0.0,360.0,511.0,REGAL EAGLE,IMO0000000,WDK2431,36.0
368035410,2020-01-01T15:48:06,37.91148,-122.34828,0.0,360.0,511.0,REGAL EAGLE,IMO0000000,WDK2431,36.0
368035410,2020-01-01T15:51:35,37.91146,-122.34824,0.0,360.0,511.0,REGAL EAGLE,IMO0000000,WDK2431,36.0
368035410,2020-01-01T15:54:35,37.91148,-122.34827,0.0,360.0,511.0,REGAL EAGLE,IMO0000000,WDK2431,36.0
368035410,2020-01-01T15:57:36,37.91149,-122.34825,0.0,360.0,511.0,REGAL EAGLE,IMO0000000,WDK2431,36.0
368035410,2020-01-01T16:00:34,37.91147,-122.34824,0.0,360.0,511.0,REGAL EAGLE,IMO0000000,WDK2431,36.0
368035410,2020-01-01T16:03:34,37.91148,-122.34825,0.0,360.0,511.0,REGAL EAGLE,IMO0000000,WDK2431,36.0
368035410,2020-01-01T16:06:34,37.91145,-122.34827,0.0,360.0,511.0,REGAL EAGLE,IMO0000000,WDK2431,36.0
368035410,2020-01-01T16:09:36,37.91146,-122.34822,0.0,360.0,511.0,REGAL EAGLE,IMO0000000,WDK2431,36.0
368035410,2020-01-01T16:12:36,37.91149,-122.34822,0.0,360.0,511.0,REGAL EAGLE,IMO0000000,WDK2431,36.0
368035410,2020-01-01T16:15:34,37.91149,-122.34822,0.0,360.0,511.0,REGAL EAGLE,IMO0000000,WDK2431,36.0
368035410,2020-01-01T16:18:34,37.91148,-122.34822,0.0,360.0,511.0,REGAL EAGLE,IMO0000000,WDK2431,36.0
368035410,2020-01-01T16:21:34,37.91148,-122.34826,0.0,360.0,511.0,REGAL EAGLE,IMO0000000,WDK2431,36.0
368035410,2020-01-01T16:24:37,37.91151,-122.34826,0.0,360.0,511.0,REGAL EAGLE,IMO0000000,WDK2431,36.0
368035410,2020-01-01T16:27:34,37.91149,-122.34826,0.0,360.0,511.0,REGAL EAGLE,IMO0000000,WDK2431,36.0
368035410,2020-01-01T16:30:34,37.91147,-122.34825,0.0,360.0,511.0,REGAL EAGLE,IMO0000000,WDK2431,36.0
368035410,2020-01-01T16:33:35,37.91147,-122.34823,0.0,360.0,511.0,REGAL EAGLE,IMO0000000,WDK2431,36.0
368035410,2020-01-01T16:36:37,37.91148,-122.34825,0.0,360.0,511.0,REGAL EAGLE,IMO0000000,WDK2431,36.0
368035410,2020-01-01T16:39:36,37.91145,-122.34825,0.0,360.0,511.0,REGAL EAGLE,IMO0000000,WDK2431,36.0
368035410,2020-01-01T16:42:35,37.91149,-122.34825,0.0,360.0,511.0,REGAL EAGLE,IMO0000000,WDK2431,36.0
368035410,2020-01-01T16:45:34,37.91151,-122.34825,0.0,360.0,511.0,REGAL EAGLE,IMO0000000,WDK2431,36.0
368035410,2020-01-01T16:48:34,37.9115,-122.34821,0.0,360.0,511.0,REGAL EAGLE,IMO0000000,WDK2431,36.0
368035410,2020-01-01T16:51:34,37.9115,-122.34825,0.0,360.0,511.0,REGAL EAGLE,IMO0000000,WDK2431,36.0
368035410,2020-01-01T16:54:34,37.91152,-122.34824,0.0,360.0,511.0,REGAL EAGLE,IMO0000000,WDK2431,36.0
368035410,2020-01-01T16:57:34,37.91147,-122.34825,0.0,360.0,511.0,REGAL EAGLE,IMO0000000,WDK2431,36.0
368035410,2020-01-01T17:00:33,37.91151,-122.34828,0.0,360.0,511.0,REGAL EAGLE,IMO0000000,WDK2431,36.0
368035410,2020-01-01T17:03:35,37.91147,-122.34827,0.0,360.0,511.0,REGAL EAGLE,IMO0000000,WDK2431,36.0
368035410,2020-01-01T17:06:36,37.91153,-122.34824,0.0,360.0,511.0,REGAL EAGLE,IMO0000000,WDK2431,36.0
368035410,2020-01-01T17:09:36,37.91151,-122.34827,0.0,360.0,511.0,REGAL EAGLE,IMO0000000,WDK2431,36.0
368035410,2020-01-01T17:12:36,37.91153,-122.34823,0.0,360.0,511.0,REGAL EAGLE,IMO0000000,WDK2431,36.0
368035410,2020-01-01T17:15:37,37.91153,-122.34823,0.0,360.0,511.0,REGAL EAGLE,IMO0000000,WDK2431,36.0
368035410,2020-01-01T17:18:34,37.9115,-122.34822,0.0,360.0,511.0,REGAL EAGLE,IMO0000000,WDK2431,36.0
368035410,2020-01-01T17:21:36,37.91148,-122.34822,0.0,360.0,511.0,REGAL EAGLE,IMO0000000,WDK2431,36.0
368035410,2020-01-01T17:24:35,37.91148,-122.34823,0.0,360.0,511.0,REGAL EAGLE,IMO0000000,WDK2431,36.0
368035410,2020-01-01T17:27:35,37.91146,-122.34825,0.0,360.0,511.0,REGAL EAGLE,IMO0000000,WDK2431,36.0
368035410,2020-01-01T17:30:34,37.9115,-122.34826,0.0,360.0,511.0,REGAL EAGLE,IMO0000000,WDK2431,36.0
368035410,2020-01-01T17:33:35,37.91149,-122.34823,0.0,360.0,511.0,REGAL EAGLE,IMO0000000,WDK2431,36.0
368035410,2020-01-01T17:36:34,37.91148,-122.34826,0.0,360.0,511.0,REGAL EAGLE,IMO0000000,WDK2431,36.0
368035410,2020-01-01T17:39:34,37.91149,-122.34823,0.0,360.0,511.0,REGAL EAGLE,IMO0000000,WDK2431,36.0
368035410,2020-01-01T17:42:34,37.91145,-122.34827,0.0,360.0,511.0,REGAL EAGLE,IMO0000000,WDK2431,36.0
368035410,2020-01-01T17:48:34,37.91154,-122.34824,0.0,360.0,511.0,REGAL EAGLE,IMO0000000,WDK2431,36.0
368035410,2020-01-01T17:51:35,37.91151,-122.34825,0.0,360.0,511.0,REGAL EAGLE,IMO0000000,WDK2431,36.0
368035410,2020-01-01T17:54:34,37.9115,-122.34826,0.0,360.0,511.0,REGAL EAGLE,IMO0000000,WDK2431,36.0
368035410,2020-01-01T17:57:34,37.91149,-122.34823,0.0,360.0,511.0,REGAL EAGLE,IMO0000000,WDK2431,36.0
368035410,2020-01-01T18:00:35,37.91152,-122.34825,0.0,360.0,511.0,REGAL EAGLE,IMO0000000,WDK2431,36.0
368035410,2020-01-01T18:03:35,37.9115,-122.34824,0.0,360.0,511.0,REGAL EAGLE,IMO0000000,WDK2431,36.0
368035410,2020-01-01T18:06:33,37.91149,-122.34821,0.0,360.0,511.0,REGAL EAGLE,IMO0000000,WDK2431,36.0
368035410,2020-01-01T18:09:34,37.9115,-122.34824,0.0,360.0,511.0,REGAL EAGLE,IMO0000000,WDK2431,36.0
368035410,2020-01-01T18:15:35,37.9115,-122.34823,0.0,360.0,511.0,REGAL EAGLE,IMO0000000,WDK2431,36.0
368035410,2020-01-01T18:18:34,37.9115,-122.34822,0.0,360.0,511.0,REGAL EAGLE,IMO0000000,WDK2431,36.0
368035410,2020-01-01T18:21:37,37.91148,-122.34823,0.0,360.0,511.0,REGAL EAGLE,IMO0000000,WDK2431,36.0
368035410,2020-01-01T18:24:34,37.9115,-122.34823,0.0,360.0,511.0,REGAL EAGLE,IMO0000000,WDK2431,36.0
368035410,2020-01-01T18:27:34,37.9115,-122.34824,0.0,360.0,511.0,REGAL EAGLE,IMO0000000,WDK2431,36.0
368035410,2020-01-01T18:30:36,37.91147,-122.34823,0.0,360.0,511.0,REGAL EAGLE,IMO0000000,WDK2431,36.0
368035410,2020-01-01T18:33:34,37.91148,-122.34823,0.0,360.0,511.0,REGAL EAGLE,IMO0000000,WDK2431,36.0
368035410,2020-01-01T18:36:35,37.91151,-122.34824,0.0,360.0,511.0,REGAL EAGLE,IMO0000000,WDK2431,36.0
368035410,2020-01-01T18:39:36,37.9115,-122.34823,0.0,360.0,511.0,REGAL EAGLE,IMO0000000,WDK2431,36.0
368035410,2020-01-01T18:42:34,37.91148,-122.34822,0.0,360.0,511.0,REGAL EAGLE,IMO0000000,WDK2431,36.0
368035410,2020-01-01T18:45:34,37.91147,-122.34824,0.0,360.0,511.0,REGAL EAGLE,IMO0000000,WDK2431,36.0
368035410,2020-01-01T18:48:34,37.91146,-122.34824,0.1,360.0,511.0,REGAL EAGLE,IMO0000000,WDK2431,36.0
368035410,2020-01-01T18:51:34,37.91148,-122.34822,0.0,360.0,511.0,REGAL EAGLE,IMO0000000,WDK2431,36.0
368035410,2020-01-01T18:54:34,37.91151,-122.34822,0.0,360.0,511.0,REGAL EAGLE,IMO0000000,WDK2431,36.0
368035410,2020-01-01T18:57:34,37.9115,-122.34821,0.1,360.0,511.0,REGAL EAGLE,IMO0000000,WDK2431,36.0
368035410,2020-01-01T19:00:36,37.91149,-122.34826,0.0,360.0,511.0,REGAL EAGLE,IMO0000000,WDK2431,36.0
368035410,2020-01-01T19:03:35,37.9115,-122.34824,0.0,360.0,511.0,REGAL EAGLE,IMO0000000,WDK2431,36.0
368035410,2020-01-01T19:06:35,37.91152,-122.34823,0.0,360.0,511.0,REGAL EAGLE,IMO0000000,WDK2431,36.0
368035410,2020-01-01T19:09:34,37.91153,-122.34821,0.0,360.0,511.0,REGAL EAGLE,IMO0000000,WDK2431,36.0
368035410,2020-01-01T19:12:35,37.9115,-122.3482,0.1,360.0,511.0,REGAL EAGLE,IMO0000000,WDK2431,36.0
368035410,2020-01-01T19:15:34,37.91151,-122.34821,0.1,360.0,511.0,REGAL EAGLE,IMO0000000,WDK2431,36.0
368035410,2020-01-01T19:18:35,37.91147,-122.34821,0.0,360.0,511.0,REGAL EAGLE,IMO0000000,WDK2431,36.0
368035410,2020-01-01T19:21:34,37.91148,-122.34821,0.0,360.0,511.0,REGAL EAGLE,IMO0000000,WDK2431,36.0
368035410,2020-01-01T19:24:34,37.91146,-122.3482,0.0,360.0,511.0,REGAL EAGLE,IMO0000000,WDK2431,36.0
368035410,2020-01-01T19:27:34,37.91146,-122.34825,0.0,360.0,511.0,REGAL EAGLE,IMO0000000,WDK2431,36.0
368035410,2020-01-01T19:30:33,37.91145,-122.34825,0.0,360.0,511.0,REGAL EAGLE,IMO0000000,WDK2431,36.0
368035410,2020-01-01T19:33:34,37.91147,-122.34824,0.0,360.0,511.0,REGAL EAGLE,IMO0000000,WDK2431,36.0
368035410,2020-01-01T19:36:34,37.91146,-122.34824,0.0,360.0,511.0,REGAL EAGLE,IMO0000000,WDK2431,36.0
368035410,2020-01-01T19:39:34,37.91144,-122.34825,0.0,360.0,511.0,REGAL EAGLE,IMO0000000,WDK2431,36.0
368035410,2020-01-01T19:42:34,37.91149,-122.34824,0.0,360.0,511.0,REGAL EAGLE,IMO0000000,WDK2431,36.0
368035410,2020-01-01T19:45:34,37.91148,-122.34825,0.1,360.0,511.0,REGAL EAGLE,IMO0000000,WDK2431,36.0
368035410,2020-01-01T19:48:36,37.91151,-122.34825,0.0,360.0,511.0,REGAL EAGLE,IMO0000000,WDK2431,36.0
368035410,2020-01-01T19:51:35,37.91151,-122.34825,0.0,360.0,511.0,REGAL EAGLE,IMO0000000,WDK2431,36.0
368035410,2020-01-01T19:54:33,37.9115,-122.34822,0.0,360.0,511.0,REGAL EAGLE,IMO0000000,WDK2431,36.0
368035410,2020-01-01T19:57:33,37.91148,-122.34827,0.0,360.0,511.0,REGAL EAGLE,IMO0000000,WDK2431,36.0
368035410,2020-01-01T20:00:35,37.91148,-122.34825,0.0,360.0,511.0,REGAL EAGLE,IMO0000000,WDK2431,36.0
368035410,2020-01-01T20:03:34,37.91145,-122.34825,0.0,360.0,511.0,REGAL EAGLE,IMO0000000,WDK2431,36.0
368035410,2020-01-01T20:06:05,37.9115,-122.34824,0.0,360.0,511.0,REGAL EAGLE,IMO0000000,WDK2431,36.0
368035410,2020-01-01T20:07:36,37.91148,-122.34823,0.0,360.0,511.0,REGAL EAGLE,IMO0000000,WDK2431,36.0
368035410,2020-01-01T20:11:04,37.91149,-122.34827,0.0,360.0,511.0,REGAL EAGLE,IMO0000000,WDK2431,36.0
368035410,2020-01-01T20:14:04,37.91152,-122.34827,0.0,360.0,511.0,REGAL EAGLE,IMO0000000,WDK2431,36.0
368035410,2020-01-01T20:17:04,37.91152,-122.34823,0.0,360.0,511.0,REGAL EAGLE,IMO0000000,WDK2431,36.0
368035410,2020-01-01T20:20:05,37.91153,-122.34824,0.0,360.0,511.0,REGAL EAGLE,IMO0000000,WDK2431,36.0
368035410,2020-01-01T20:23:05,37.91154,-122.34822,0.0,360.0,511.0,REGAL EAGLE,IMO0000000,WDK2431,36.0
368035410,2020-01-01T20:26:04,37.91152,-122.34824,0.0,360.0,511.0,REGAL EAGLE,IMO0000000,WDK2431,36.0
368035410,2020-01-01T20:29:04,37.9115,-122.34824,0.0,360.0,511.0,REGAL EAGLE,IMO0000000,WDK2431,36.0
368035410,2020-01-01T20:32:04,37.91151,-122.34824,0.0,360.0,511.0,REGAL EAGLE,IMO0000000,WDK2431,36.0
368035410,2020-01-01T20:35:04,37.91154,-122.34823,0.0,360.0,511.0,REGAL EAGLE,IMO0000000,WDK2431,36.0
368035410,2020-01-01T20:38:04,37.91152,-122.3482,0.0,360.0,511.0,REGAL EAGLE,IMO0000000,WDK2431,36.0
368035410,2020-01-01T20:41:05,37.91151,-122.34821,0.0,360.0,511.0,REGAL EAGLE,IMO0000000,WDK2431,36.0
368035410,2020-01-01T20:44:04,37.91147,-122.34815,0.0,360.0,511.0,REGAL EAGLE,IMO0000000,WDK2431,36.0
368035410,2020-01-01T20:47:04,37.91147,-122.34819,0.1,360.0,511.0,REGAL EAGLE,IMO0000000,WDK2431,36.0
368035410,2020-01-01T20:50:05,37.91148,-122.34822,0.0,360.0,511.0,REGAL EAGLE,IMO0000000,WDK2431,36.0
368035410,2020-01-01T20:53:04,37.9115,-122.34824,0.1,360.0,511.0,REGAL EAGLE,IMO0000000,WDK2431,36.0
368035410,2020-01-01T20:56:05,37.91152,-122.3482,0.0,360.0,511.0,REGAL EAGLE,IMO0000000,WDK2431,36.0
368035410,2020-01-01T20:59:04,37.91149,-122.34823,0.0,360.0,511.0,REGAL EAGLE,IMO0000000,WDK2431,36.0
368035410,2020-01-01T21:02:06,37.91147,-122.34822,0.0,360.0,511.0,REGAL EAGLE,IMO0000000,WDK2431,36.0
368035410,2020-01-01T21:05:05,37.91148,-122.34824,0.0,360.0,511.0,REGAL EAGLE,IMO0000000,WDK2431,36.0
368035410,2020-01-01T21:08:04,37.91148,-122.34824,0.0,360.0,511.0,REGAL EAGLE,IMO0000000,WDK2431,36.0
368035410,2020-01-01T21:11:04,37.91149,-122.34825,0.0,360.0,511.0,REGAL EAGLE,IMO0000000,WDK2431,36.0
368035410,2020-01-01T21:14:05,37.91146,-122.34825,0.1,360.0,511.0,REGAL EAGLE,IMO0000000,WDK2431,36.0
368035410,2020-01-01T21:17:03,37.91144,-122.34828,0.1,360.0,511.0,REGAL EAGLE,IMO0000000,WDK2431,36.0
368035410,2020-01-01T21:20:04,37.91145,-122.34824,0.0,360.0,511.0,REGAL EAGLE,IMO0000000,WDK2431,36.0
368035410,2020-01-01T21:23:04,37.91149,-122.34825,0.0,360.0,511.0,REGAL EAGLE,IMO0000000,WDK2431,36.0
368035410,2020-01-01T21:26:04,37.9115,-122.34826,0.0,360.0,511.0,REGAL EAGLE,IMO0000000,WDK2431,36.0
368035410,2020-01-01T21:29:04,37.91148,-122.34827,0.0,360.0,511.0,REGAL EAGLE,IMO0000000,WDK2431,36.0
368035410,2020-01-01T21:32:05,37.91145,-122.34822,0.0,360.0,511.0,REGAL EAGLE,IMO0000000,WDK2431,36.0
368035410,2020-01-01T21:35:04,37.91145,-122.34823,0.1,360.0,511.0,REGAL EAGLE,IMO0000000,WDK2431,36.0
368035410,2020-01-01T21:38:06,37.91147,-122.34823,0.1,360.0,511.0,REGAL EAGLE,IMO0000000,WDK2431,36.0
368035410,2020-01-01T21:41:04,37.91147,-122.3482,0.1,360.0,511.0,REGAL EAGLE,IMO0000000,WDK2431,36.0
368035410,2020-01-01T21:44:06,37.91146,-122.34823,0.1,360.0,511.0,REGAL EAGLE,IMO0000000,WDK2431,36.0
368035410,2020-01-01T21:47:04,37.91148,-122.34824,0.1,329.3,511.0,REGAL EAGLE,IMO0000000,WDK2431,36.0
368035410,2020-01-01T21:50:04,37.9115,-122.34826,0.0,329.3,511.0,REGAL EAGLE,IMO0000000,WDK2431,36.0
368035410,2020-01-01T21:56:05,37.91148,-122.34819,0.0,329.3,511.0,REGAL EAGLE,IMO0000000,WDK2431,36.0
368035410,2020-01-01T21:59:04,37.91147,-122.34824,0.0,329.3,511.0,REGAL EAGLE,IMO0000000,WDK2431,36.0
368035410,2020-01-01T22:02:04,37.91148,-122.34823,0.0,329.3,511.0,REGAL EAGLE,IMO0000000,WDK2431,36.0
368035410,2020-01-01T22:05:04,37.91148,-122.34831,0.0,329.3,511.0,REGAL EAGLE,IMO0000000,WDK2431,36.0
368035410,2020-01-01T22:08:04,37.91149,-122.34827,0.0,329.3,511.0,REGAL EAGLE,IMO0000000,WDK2431,36.0
368035410,2020-01-01T22:11:04,37.91152,-122.34827,0.0,329.3,511.0,REGAL EAGLE,IMO0000000,WDK2431,36.0
368035410,2020-01-01T22:14:05,37.91147,-122.34829,0.0,329.3,511.0,REGAL EAGLE,IMO0000000,WDK2431,36.0
368035410,2020-01-01T22:17:04,37.91143,-122.34826,0.0,329.3,511.0,REGAL EAGLE,IMO0000000,WDK2431,36.0
368035410,2020-01-01T22:20:04,37.91148,-122.34824,0.0,329.3,511.0,REGAL EAGLE,IMO0000000,WDK2431,36.0
368035410,2020-01-01T22:23:04,37.91148,-122.34822,0.0,329.3,511.0,REGAL EAGLE,IMO0000000,WDK2431,36.0
368035410,2020-01-01T22:26:04,37.91148,-122.34825,0.0,329.3,511.0,REGAL EAGLE,IMO0000000,WDK2431,36.0
368035410,2020-01-01T22:29:11,37.91146,-122.34824,0.0,329.3,511.0,REGAL EAGLE,IMO0000000,WDK2431,36.0
368035410,2020-01-01T22:32:05,37.91146,-122.34824,0.0,329.3,511.0,REGAL EAGLE,IMO0000000,WDK2431,36.0
368035410,2020-01-01T22:35:04,37.91148,-122.34824,0.0,329.3,511.0,REGAL EAGLE,IMO0000000,WDK2431,36.0
368035410,2020-01-01T22:38:06,37.91147,-122.34824,0.0,329.3,511.0,REGAL EAGLE,IMO0000000,WDK2431,36.0
368035410,2020-01-01T22:41:04,37.91148,-122.34824,0.0,329.3,511.0,REGAL EAGLE,IMO0000000,WDK2431,36.0
368035410,2020-01-01T22:44:05,37.91148,-122.34826,0.0,329.3,511.0,REGAL EAGLE,IMO0000000,WDK2431,36.0
368035410,2020-01-01T22:47:03,37.91148,-122.34825,0.0,329.3,511.0,REGAL EAGLE,IMO0000000,WDK2431,36.0
368035410,2020-01-01T22:50:04,37.91147,-122.34828,0.0,329.3,511.0,REGAL EAGLE,IMO0000000,WDK2431,36.0
368035410,2020-01-01T22:53:04,37.91148,-122.34827,0.0,329.3,511.0,REGAL EAGLE,IMO0000000,WDK2431,36.0
368035410,2020-01-01T22:56:04,37.91148,-122.34827,0.0,329.3,511.0,REGAL EAGLE,IMO0000000,WDK2431,36.0
368035410,2020-01-01T22:59:05,37.9115,-122.34827,0.0,329.3,511.0,REGAL EAGLE,IMO0000000,WDK2431,36.0
368035410,2020-01-01T23:02:04,37.91156,-122.34824,0.0,329.3,511.0,REGAL EAGLE,IMO0000000,WDK2431,36.0
368035410,2020-01-01T23:05:04,37.91157,-122.34824,0.1,329.3,511.0,REGAL EAGLE,IMO0000000,WDK2431,36.0
368035410,2020-01-01T23:08:05,37.91151,-122.34824,0.0,329.3,511.0,REGAL EAGLE,IMO0000000,WDK2431,36.0
368035410,2020-01-01T23:11:04,37.91149,-122.34827,0.0,329.3,511.0,REGAL EAGLE,IMO0000000,WDK2431,36.0
368035410,2020-01-01T23:14:06,37.9115,-122.34827,0.0,329.3,511.0,REGAL EAGLE,IMO0000000,WDK2431,36.0
368035410,2020-01-01T23:17:04,37.91152,-122.34824,0.1,329.3,511.0,REGAL EAGLE,IMO0000000,WDK2431,36.0
368035410,2020-01-01T23:20:05,37.9115,-122.34824,0.0,329.3,511.0,REGAL EAGLE,IMO0000000,WDK2431,36.0
368035410,2020-01-01T23:23:04,37.91145,-122.34822,0.0,329.3,511.0,REGAL EAGLE,IMO0000000,WDK2431,36.0
368035410,2020-01-01T23:26:05,37.91146,-122.34821,0.0,329.3,511.0,REGAL EAGLE,IMO0000000,WDK2431,36.0
368035410,2020-01-01T23:29:07,37.91147,-122.34818,0.0,329.3,511.0,REGAL EAGLE,IMO0000000,WDK2431,36.0
368035410,2020-01-01T23:32:04,37.91152,-122.34823,0.0,329.3,511.0,REGAL EAGLE,IMO0000000,WDK2431,36.0
368035410,2020-01-01T23:35:04,37.9115,-122.34822,0.0,329.3,511.0,REGAL EAGLE,IMO0000000,WDK2431,36.0
368035410,2020-01-01T23:38:04,37.9115,-122.34824,0.0,329.3,511.0,REGAL EAGLE,IMO0000000,WDK2431,36.0
368035410,2020-01-01T23:41:04,37.91148,-122.34825,0.0,329.3,511.0,REGAL EAGLE,IMO0000000,WDK2431,36.0
368035410,2020-01-01T23:44:04,37.9115,-122.34826,0.0,329.3,511.0,REGAL EAGLE,IMO0000000,WDK2431,36.0
368035410,2020-01-01T23:47:04,37.91148,-122.34827,0.0,329.3,511.0,REGAL EAGLE,IMO0000000,WDK2431,36.0
368035410,2020-01-01T23:50:04,37.91148,-122.34826,0.0,329.3,511.0,REGAL EAGLE,IMO0000000,WDK2431,36.0
368035410,2020-01-01T23:53:07,37.91149,-122.34825,0.0,329.3,511.0,REGAL EAGLE,IMO0000000,WDK2431,36.0
368035410,2020-01-01T23:56:04,37.91146,-122.3483,0.0,329.3,511.0,REGAL EAGLE,IMO0000000,WDK2431,36.0
368035410,2020-01-01T23:59:04,37.91145,-122.34825,0.0,329.3,511.0,REGAL EAGLE,IMO0000000,WDK2431,36.0
